300 1000000
6005
8221
6985
205
1659
2163
6114
8372
6916
1005
7955
8201
7278
8909
6206
4404
610
8041
3097
7911
8808
8499
4866
6066
9840
3643
661
7009
6730
6596
7294
3866
218
3318
2201
378
2892
6103
6639
3542
5336
8031
3370
9104
5173
3161
5439
4963
612
5664
7567
1810
4028
6283
7133
8866
3658
3610
4796
3767
1006
6153
199
5957
6705
1893
64
9682
4320
3607
1123
6680
2241
7714
6831
9268
1783
1436
8699
2769
4495
4884
3650
9126
2069
5401
6368
268
7535
4728
7420
2086
4712
4551
6915
6732
8715
9241
9541
1453
6621
9138
8919
3907
6421
5660
905
2322
2464
9071
9780
5885
2171
9081
4497
7418
5325
5708
7905
1131
3163
7856
8535
8139
5113
7834
2577
5961
8355
8150
1592
3260
684
7751
1380
7059
6489
6957
5865
1760
3744
8601
4124
811
4690
2749
6024
9319
7685
5001
6374
9985
1310
3252
4342
6714
8872
9860
9757
204
1257
2888
7213
4397
7354
755
1442
5243
3052
4465
9625
9191
3536
4225
2750
6622
9712
2161
8735
7566
6329
623
2240
2913
3159
8927
5519
6822
9046
4525
598
3722
7886
2243
8423
2474
2101
6497
3679
9788
9001
4826
8049
5786
7526
8900
15
8439
8070
8184
9902
5238
3772
7902
7502
7607
9961
2489
2395
9805
6991
706
7882
3523
3925
6272
8883
9532
7448
2268
9417
4919
8148
8695
1431
7822
9806
5282
1384
3108
7130
7757
477
773
3942
5370
3180
1480
1253
9010
1100
335
4199
5368
2827
4715
3753
4017
4267
3385
8962
4414
4388
1920
8547
4488
6631
6341
5934
5275
2270
3096
4089
7840
7339
161
9212
8303
3047
2672
5760
8440
1711
5193
8315
1934
9697
8140
8060
4435
3138
9340
3115
2305
2537
2840
9933
3783
8485
7597
