300 1000000
7014
7037
6800
9115
1112
5303
2459
6291
4317
5697
4066
65
8628
5579
9606
7976
6865
2594
168
7542
3712
7757
6251
572
7305
1874
3088
9942
9246
8020
7614
6928
8586
1772
2872
3577
3254
2282
1452
5849
1615
9107
3047
8399
7554
3589
3233
2710
2959
1159
8877
6967
8386
2287
7854
2673
8122
1534
4080
8333
6743
5097
5154
6905
4735
8223
5792
2169
3869
8692
5617
3953
3881
3783
1512
5613
5930
9079
6807
4070
5765
7956
2117
8318
5763
3248
587
426
2182
8484
9066
2947
3648
7361
1337
1193
2166
8218
4248
7644
0
9728
7643
7033
2125
3390
6883
7719
7002
5246
3257
4388
2562
6857
4236
2100
9586
2265
7734
9487
4193
8875
2357
7577
8642
8699
9559
652
9621
6693
9590
9510
3950
3320
437
4684
1678
5427
5007
3227
1498
1936
7421
3464
8065
2658
3524
2604
9334
6049
1324
2945
2286
1897
4949
385
1043
35
5300
8595
1747
5388
6818
3412
3643
856
5567
2652
2222
3060
9732
7773
9971
3005
2458
9871
8625
8084
4899
3427
6945
4425
318
4736
8597
9104
7897
6888
4321
3434
3617
9141
7036
9086
7780
5785
4392
3164
2974
1994
6562
2396
6253
2075
1508
8140
5858
2510
317
6087
7894
7323
441
2420
2374
5410
9133
7944
6043
188
4268
3189
3071
8072
9905
9025
2208
9522
6916
5549
475
6377
4311
8225
9397
7231
7638
4807
6226
4480
2757
9260
314
7742
5266
4323
3419
776
585
8957
319
7566
5090
1574
4149
2771
7044
1087
3557
4694
5634
6069
29
9189
6780
836
4184
2776
9214
2298
23
92
7358
9285
7592
3938
6884
804
8696
286
3543
3495
1909
7852
3138
2211
5543
9012
1596
730
4821
7910
4529
9118
885
5062
871
2786
5200
2274
