73
453
25 44 6
25 49 14
25 35 100
22 35 27
22 59 100
22 53 71
22 58 19
21 64 9
21 55 16
21 67 10
21 35 81
47 55 71
47 60 38
36 53 52
16 58 17
16 44 91
16 32 83
16 73 27
16 38 62
70 73 83
4 60 100
4 67 25
4 48 98
4 14 40
4 15 7
4 26 71
17 55 8
17 68 58
17 59 98
17 53 33
17 56 83
34 53 91
34 51 64
34 67 86
34 35 6
34 44 18
10 48 33
10 47 31
10 26 24
10 40 96
18 55 12
18 23 47
18 57 92
18 61 14
18 56 79
43 44 15
43 57 88
24 40 20
24 57 63
24 26 100
24 51 68
24 49 35
23 61 19
23 66 84
23 54 11
23 60 8
63 64 90
33 41 19
33 55 23
33 49 51
33 53 28
33 57 99
33 51 60
46 54 87
46 57 56
46 53 96
1 53 59
1 70 42
1 3 89
1 58 13
1 48 36
1 35 11
1 32 96
12 54 37
12 29 12
12 73 71
12 35 62
12 57 63
12 68 37
61 73 73
61 70 48
37 45 77
37 42 61
37 49 92
37 50 46
8 42 47
8 41 5
8 59 27
8 52 34
8 46 22
8 54 100
8 50 74
8 63 28
2 13 37
2 10 28
2 53 98
2 41 32
2 72 98
2 63 80
2 70 31
2 54 75
2 51 51
32 41 82
32 67 67
32 57 96
32 40 89
28 33 38
28 35 77
28 65 77
28 48 56
28 55 13
28 41 5
45 68 56
45 56 91
45 55 78
45 57 55
45 60 36
38 62 18
38 39 85
38 68 75
38 61 40
38 48 79
50 51 83
50 71 34
50 65 91
15 44 26
15 32 64
15 29 20
15 49 64
15 25 53
15 56 8
15 27 88
15 59 63
66 68 47
20 50 60
20 43 76
20 30 94
20 41 86
20 26 51
20 68 41
20 37 47
20 45 19
20 71 18
67 73 67
67 71 45
52 62 24
52 57 9
52 54 73
52 68 97
39 59 39
39 42 45
39 68 23
39 46 100
39 52 16
39 62 46
39 57 49
5 29 63
5 19 58
5 14 23
5 11 69
5 73 64
5 15 55
5 65 10
5 40 100
5 9 13
5 51 29
5 27 86
5 57 84
6 17 47
6 40 75
6 42 82
6 31 78
6 35 45
6 73 37
6 44 87
6 23 89
6 20 87
6 67 46
6 56 99
6 57 23
60 68 11
60 66 22
51 56 9
51 71 53
51 57 49
48 54 77
48 58 59
48 65 100
26 43 12
26 50 29
26 60 49
26 35 64
26 64 18
26 53 35
26 40 28
26 31 59
31 39 86
31 58 28
31 53 7
31 55 70
31 48 14
31 56 37
31 57 46
31 40 6
31 66 87
31 59 25
31 35 45
13 25 56
13 55 70
13 29 62
13 27 65
13 14 25
13 47 59
13 59 77
13 19 39
13 42 35
13 35 99
27 37 59
27 44 84
27 38 8
27 42 5
27 68 34
27 58 19
27 57 74
27 56 58
27 59 73
3 9 66
3 11 28
3 29 62
3 55 43
3 41 73
3 30 72
3 7 48
3 24 76
3 40 82
3 36 89
3 59 95
3 51 96
3 32 79
3 56 47
3 28 13
58 68 7
58 72 72
49 56 94
49 69 63
49 60 30
49 57 96
49 59 96
49 70 9
53 63 34
53 68 26
53 60 32
53 64 82
42 55 48
42 73 94
42 50 77
42 57 33
42 71 12
42 58 12
42 56 41
54 55 70
54 58 65
54 56 57
54 57 59
54 59 39
54 67 18
54 68 27
14 56 74
14 70 25
14 37 96
14 35 63
14 28 34
14 40 28
14 39 71
14 30 47
14 59 16
14 36 29
14 68 15
14 41 47
55 63 94
29 43 49
29 40 7
29 59 11
29 52 36
29 54 13
29 41 70
29 68 38
29 44 29
29 30 72
29 42 100
29 63 71
29 57 12
56 62 78
56 60 69
30 39 13
30 42 40
30 64 38
30 38 71
30 48 76
30 62 20
30 58 26
30 31 87
30 59 14
30 49 20
30 53 67
30 41 48
19 51 83
19 49 82
19 36 55
19 53 34
19 55 31
19 58 36
19 59 52
19 72 65
19 42 99
19 54 36
19 27 70
19 52 80
19 40 7
19 21 65
19 30 15
19 26 59
19 56 72
68 73 14
59 60 94
59 66 10
59 61 97
59 67 13
40 53 38
40 41 39
40 69 97
40 44 41
40 55 52
40 72 54
40 66 34
40 57 47
7 66 70
7 55 45
7 10 55
7 40 29
7 50 34
7 20 84
7 14 58
7 42 44
7 13 87
7 19 67
7 52 65
7 58 5
7 30 38
7 65 19
7 68 27
7 73 8
7 51 73
7 36 94
7 61 36
7 59 85
7 64 100
7 56 99
7 28 86
41 71 93
41 52 94
41 48 52
41 57 79
41 66 93
41 44 5
41 62 91
41 49 14
41 60 71
41 55 51
41 54 58
11 50 37
11 72 29
11 13 40
11 12 97
11 40 82
11 58 63
11 44 70
11 68 69
11 35 36
11 57 74
11 14 91
11 71 19
11 43 93
11 67 62
11 41 89
11 66 73
11 29 41
11 49 19
11 45 37
11 59 55
11 30 64
11 37 28
11 55 54
44 68 90
44 69 69
44 52 47
44 66 86
44 57 20
44 61 5
44 48 43
44 72 39
44 63 49
44 58 78
44 59 67
44 51 96
44 54 46
57 65 92
57 62 66
57 68 34
57 64 61
57 60 50
9 23 62
9 49 28
9 29 6
9 13 42
9 42 27
9 64 13
9 26 42
9 67 24
9 18 65
9 32 38
9 69 40
9 16 30
9 53 53
9 30 85
9 40 73
9 46 55
9 65 72
9 14 31
9 34 89
9 58 48
9 22 60
9 15 38
9 41 23
9 12 97
9 56 30
9 27 38
9 35 99
35 68 16
35 44 81
35 38 65
35 56 43
35 47 55
35 69 50
35 55 44
35 46 25
35 41 24
35 48 29
35 40 86
35 45 34
35 57 35
35 49 83
35 66 83
