46
116
27 36 55
21 26 99
21 37 36
5 10 35
5 42 92
5 38 70
8 24 56
8 44 81
25 28 54
26 41 47
37 45 58
19 41 45
19 20 44
32 40 43
9 22 65
9 29 91
12 17 18
12 36 99
12 13 62
14 28 25
14 36 80
14 29 16
33 44 7
15 27 65
15 35 43
15 26 5
30 44 98
30 39 6
42 44 50
17 20 90
17 43 76
17 24 95
3 44 77
3 43 12
3 24 24
3 46 48
28 45 98
28 32 36
7 20 5
7 27 28
7 24 52
7 8 22
18 24 33
18 44 17
18 34 18
18 37 100
11 22 86
11 43 94
11 20 100
23 46 62
23 34 18
23 24 17
4 20 57
4 45 49
4 13 61
4 25 80
4 16 76
6 34 97
6 40 79
6 20 99
6 29 41
6 41 12
2 31 61
2 9 43
2 20 54
2 10 99
2 22 97
2 44 58
29 35 76
1 13 5
1 20 51
1 38 44
1 36 74
1 10 32
1 11 14
1 22 39
16 20 71
16 40 62
16 29 62
16 36 61
16 22 50
16 25 76
13 38 36
13 42 9
13 24 19
13 36 91
36 46 64
36 39 69
36 41 71
10 20 100
10 39 74
10 22 71
10 16 52
10 33 83
10 36 57
10 13 71
10 24 95
10 19 87
22 24 86
22 31 58
22 33 94
22 44 95
22 35 21
24 30 73
24 45 6
24 29 41
24 31 19
24 44 9
20 23 70
20 35 23
20 32 31
20 36 14
20 22 63
20 21 54
20 39 82
20 45 86
