100 1000000
-3857
1290
8695
4720
2295
999
9237
9970
6869
-9817
7037
-9159
3481
5504
5617
8052
8379
6106
5059
6902
-371
-4512
-8492
-212
-2277
-4662
-1329
-3986
-4020
-398
-1462
7866
-9647
-3496
-2633
-1145
-161
1133
7815
9010
5258
-5607
-159
-4944
-8589
-5720
9833
8155
-615
-3406
-9975
-5017
9478
-5462
4560
-8898
3938
-2486
2457
-2030
1973
-903
-5419
-241
-1431
9651
8547
-8875
-6715
6031
-4795
-8764
6571
-9
4642
-2858
-8146
-5420
-823
7945
-9492
8206
6367
5807
3083
6302
4237
6642
1562
-1538
-3040
-1825
-5737
8928
1027
-78
6517
9860
8922
5717
