100 100
9484
5736
2332
-3758
3814
4583
-5398
-3732
-7384
8790
-2321
2744
1057
631
8002
-1650
2956
1885
5487
-3815
9682
-7072
4320
5152
2370
-9210
-9543
-7793
-7780
6844
7203
7411
1458
2309
-4874
-8444
5696
4229
-5318
-9288
8847
-3064
7525
8621
-4219
5581
-9065
4566
-6592
907
7372
8101
3860
-6698
9830
-3544
-789
5812
4067
-6410
-7899
-7164
-1024
-212
-1124
-4266
-8659
1738
7021
352
-106
-26
577
3592
-559
4853
1110
-1912
2654
-8122
-7370
4995
4451
8088
-2038
1583
4315
-2654
9719
5963
5921
-7786
8461
-5808
-2492
2719
2891
1821
8522
-6602
