100 100
-5296
4787
5117
4501
-5814
-4763
-2166
2136
7030
648
3637
8069
-7468
-7197
6603
8958
8634
3180
-7248
-3568
1817
8896
4801
8266
-8459
2850
2715
-9624
8940
-7904
-4416
-7385
-1300
6280
30
562
-3510
7334
-5057
-1964
6627
4371
-7693
9226
3200
5746
-4275
5087
5475
-8694
-3408
-7958
-1224
-8689
-4040
6224
2
-3098
-6058
-49
3953
5112
7138
-345
2297
-1503
4263
1999
6267
9547
1801
7897
8328
-8009
-7750
6812
909
-7861
-8346
7612
6491
7447
-5654
2968
3108
-561
-4217
-7495
3523
-1069
-3535
2183
-2200
-2681
8269
9688
-2689
3063
-9746
2121
