100 1000000
-6046
-468
-7313
-4739
9243
-9747
-6977
-1019
-4950
4264
-9744
-9370
-8238
-760
-8246
7845
3920
5853
-9775
5312
-376
9730
6375
6154
-8695
-442
-608
6552
-2742
-5008
7400
6296
-7927
-5357
-9911
-6044
-9403
-9425
2556
1369
-1385
8786
5551
-3471
5038
-9309
1202
-4709
-1747
9699
-9225
-3477
4376
-8961
-3799
2782
6692
5375
2797
-6916
4045
9387
-208
224
-8229
-4837
-7018
-7079
2105
-2918
-9761
-3866
-4823
3468
1172
-4705
1163
-4900
-2652
-3807
5697
-750
4203
-6082
-6486
-4576
8765
3957
-4292
-5602
7897
-1043
6806
-9849
23
-4448
-1159
8572
4841
4601
