100 1
-755
-902
-947
-736
-707
-276
-500
-820
-372
-775
-948
-788
-36
-5
-139
-575
-919
-618
-831
-439
-42
-764
-332
-962
-495
-952
-390
-481
-982
-930
-247
-891
-735
-197
-385
-673
-700
-435
-62
-312
-141
-955
-961
-224
-1000
-635
-788
-445
-459
-207
-636
-175
-832
-101
-332
-774
-858
-679
-625
-897
-569
-718
-421
-405
-731
-917
-829
-968
-608
-752
-844
-910
-507
-82
-321
-931
-528
-598
-608
-882
-580
-691
-86
-596
-640
-525
-563
-549
-266
-560
-462
-874
-317
-486
-760
-259
-618
-961
-750
-987
