300 1000000
9
46
-25
-1600
-2700
-7700
-6500
-2
5200
5900
26
7400
8
-51
4900
9100
9900
-10
-1500
35
-5300
7900
45
2100
3200
7100
8900
-5600
11
-15
-50
59
6700
-8400
5700
-7900
-9700
55
3
9300
-8100
4500
33
53
6200
-6600
3000
3500
-5200
-27
-12
-4000
-54
8300
8800
38
-2500
-7600
-45
-43
-29
-1900
-3500
6900
-2300
2000
1100
4600
9800
8200
3100
-8500
-53
-3100
-4100
-48
16
23
2400
-24
3600
5
7600
-21
2200
-7
-38
3700
56
-4300
-8700
1000
-9500
17
2500
-8000
5000
49
8600
-44
5500
-13
-3600
29
-58
10000
5300
7800
9500
-5000
5400
24
4400
-4
1400
-3400
-3
-2100
-5100
2700
-4200
-41
8400
6100
-4600
4700
51
40
-1400
-6
-2000
2
-10000
1300
-26
8000
-3700
-1
42
-36
-16
6400
-46
3300
-3300
-28
-4900
-2400
7700
3900
7000
32
4
10
-9300
6
3800
48
-57
-8
-8300
-7200
-30
15
-2800
1900
-8800
37
2900
-31
4200
8500
-3000
-49
-19
-39
9000
-55
-7800
7300
-4400
9400
58
-40
6600
4300
-1800
8700
-59
1200
-6000
18
-4700
20
27
-8600
-47
-4800
31
36
-14
-8200
13
-23
9600
6000
-33
7500
-42
2800
-2600
-9
-5700
5800
-32
-7000
-1000
-20
4000
-6300
-9600
-5900
52
-35
-4500
-3200
-6100
-5400
-6400
7200
-11
1500
4800
-8900
-9800
-7300
-56
44
-7100
-3900
-6700
-6900
-52
-5500
-9200
4100
-2200
2600
-1100
-6800
47
7
-18
-9000
19
-5
39
25
2300
1
-9900
34
-9400
-17
50
-1700
5600
6800
8100
-7400
-3800
-1200
9200
5100
-1300
-7500
54
9700
-34
-37
6500
-6200
43
22
21
41
-2900
6300
1800
-9100
-22
28
57
1600
1700
14
12
30
3400
-5800
