300 1000000
-6900
-4800
4200
-40
-1200
-8000
6200
-2600
600
3400
44
4100
6500
2500
1600
-2100
5900
-600
55
9200
-5100
-2900
500
8700
-1900
-6300
14
27
24
-6400
6100
-1400
3200
49
54
-48
-15
18
3600
-5400
2300
13
-51
6800
-45
-4400
4700
-3400
-54
5000
-6800
-7700
2400
-1600
-18
-55
1000
900
19
-27
-56
-21
-2500
-6200
-49
43
3100
-9100
-32
36
-3600
4500
-47
4
8600
4300
-37
-6000
-5300
-5500
-4200
-22
-19
9400
3000
-8700
8
-5000
-3500
7000
-11
8300
48
5500
6900
38
7500
-17
-5
1
4900
23
-1
11
6300
7900
-41
-7000
-36
-50
3800
9300
7400
21
45
1400
3900
1900
3500
-8900
800
-7800
-5600
2700
-2800
3300
6700
-7500
-44
47
8100
-8300
-4500
-43
6400
-24
5200
4000
-6500
-58
-25
16
5300
-26
60
37
-9300
56
-3
-3200
5800
-3100
-57
5
-900
-7400
-42
-28
-2000
57
2800
2200
-6600
-60
-8
8800
-31
26
-2
-29
5400
-1800
2900
7600
-2300
1700
1500
-3700
2000
58
-8200
41
-13
1300
25
42
52
46
-38
-8100
1100
-46
-4700
53
2100
33
6000
4400
-5800
50
-7
-5200
15
-6
-9200
-7900
-12
-2400
-3300
-8800
-1000
4600
17
-5900
9
-39
10
-33
-7100
8000
-4600
-14
-52
1800
5700
-2700
20
-5700
-700
8400
-20
-1500
7
3
-4300
-1700
29
2
4800
22
-1100
-9400
-1300
8900
-3900
7800
12
-7600
-7200
-8600
28
-6100
-16
-3000
-4
-7300
51
-4100
-59
-9000
-23
-500
34
59
-4900
6
5100
7200
30
39
31
-8500
6600
2600
8500
-6700
-53
40
-2200
-8400
8200
35
-4000
32
-35
700
5600
9100
-34
-30
7300
9000
-800
-10
1200
3700
-3800
7100
7700
-9
