300 1000000
-3700
36
-2
-500
2250
-36
-1850
2100
-3200
60
17
-1200
-45
-3800
-1300
-1500
3100
4200
-53
-75
-54
-52
58
-48
-32
13
59
12
1450
-6
2450
68
3050
3950
-21
-73
-18
16
75
4100
800
8
-72
-2400
28
-900
29
2700
63
-2950
-10
7
10
1800
-1150
1400
-37
1750
-1550
-26
-3450
-27
3400
2000
-1350
22
-35
-62
-16
900
53
-61
2600
2350
4000
2950
-3050
-38
-8
-29
64
42
1150
-42
69
700
-2150
1950
-1650
-2300
-74
-23
74
30
1350
-17
49
-2600
3250
-11
-56
-71
-7
55
67
34
-3550
-33
3350
20
-39
-2050
2300
-9
-600
19
-3900
2800
14
61
850
48
-1050
-3350
-1450
9
-65
1250
11
45
-2800
-2200
3900
54
-3950
-1100
-60
3150
50
1850
-3750
-2500
33
57
-2350
-4000
2850
41
3000
-800
-49
-14
-46
-2650
3850
-66
-1000
-2550
-55
950
2050
3650
-58
-70
-4
3750
43
-1800
-57
2200
-3650
-28
62
1
4150
-3400
-59
1100
1650
73
5
750
-51
-25
2900
44
2150
-950
71
3800
-50
-4050
6
-3500
47
37
-2100
-4150
-63
-47
38
24
3600
600
-2900
1300
2
3500
-850
-1
3300
31
-2000
56
51
-1600
65
-67
1700
4
72
-1700
-64
-1750
-4200
32
-44
-1250
52
3200
-1900
3450
2550
-68
21
-3
40
-19
-1950
-2850
-40
-650
-15
3
-3000
-2700
-20
-2250
-750
-550
-43
-2450
3700
-13
1600
2500
3550
-31
2750
4050
550
1900
-3300
-24
-1400
1200
2650
-3600
1500
-41
-3100
650
-5
70
1050
66
26
2400
-3250
23
500
-700
-34
-4100
1000
-12
18
-22
35
15
-30
1550
46
-3150
25
27
39
-69
-3850
-2750
