66
4
166
25
3
166
13
2
166
77
1
166
90
4
166
106
3
166
57
2
166
140
1
166
155
4
166
73
3
166
184
2
166
100
1
166
230
4
166
201
3
166
207
2
166
188
1
166
200
4
166
213
3
166
20
2
166
184
1
166
78
4
166
114
3
166
130
2
166
117
1
166
241
4
166
66
3
166
129
2
166
243
1
166
212
4
166
123
3
166
226
2
166
225
1
166
131
4
166
107
3
166
151
2
166
149
1
166
226
4
166
133
3
166
85
2
166
103
1
166
74
4
166
48
3
166
19
2
166
206
1
166
202
4
166
25
3
166
64
2
166
25
1
166
10
4
166
110
3
166
85
2
166
168
1
166
29
4
166
213
3
166
225
2
166
227
1
166
135
4
166
75
3
166
72
2
166
98
1
166
212
4
166
202
3
166
201
2
166
40
1
166
32
4
166
250
3
166
161
2
166
101
1
166
80
4
166
188
3
166
84
2
166
175
1
166
13
4
166
56
3
166
226
2
166
118
1
166
3
4
166
98
3
166
218
2
166
148
1
166
133
4
166
41
3
166
76
2
166
238
1
166
37
4
166
157
3
166
71
2
166
95
1
166
54
4
166
173
3
166
24
2
166
229
1
166
197
4
166
156
3
166
14
2
166
37
1
166
225
4
166
112
3
166
174
2
166
66
1
166
178
4
166
38
3
166
223
2
166
231
1
166
7
4
166
92
3
166
36
2
166
96
1
166
182
4
166
214
3
166
100
2
166
126
1
166
113
4
166
72
3
166
57
2
166
193
1
166
37
4
166
160
3
166
2
2
166
125
1
166
253
4
166
212
3
166
24
2
166
17
1
166
113
4
166
163
3
166
221
2
166
5
1
166
190
4
166
252
3
166
227
2
166
139
1
166
173
4
166
222
3
166
119
2
166
37
1
166
191
4
166
16
3
166
81
2
166
246
1
166
83
4
166
172
3
166
183
2
166
234
1
166
110
4
166
196
3
166
192
2
166
66
1
166
137
4
166
212
3
166
83
2
166
113
1
166
73
4
166
39
3
166
39
2
166
192
1
166
197
4
166
209
3
166
213
2
166
24
1
166
240
4
166
225
3
166
51
2
166
61
1
166
207
4
166
16
3
166
135
2
166
37
1
166
241
4
166
194
3
166
108
2
166
130
1
166
120
4
166
202
3
166
83
2
166
208
1
166
49
4
166
84
3
166
187
2
166
186
1
166
104
4
166
190
3
166
111
2
166
225
1
166
79
4
166
105
3
166
86
2
166
25
1
166
94
4
166
191
3
166
151
2
166
155
1
166
185
4
166
161
3
166
65
2
166
58
1
166
78
4
166
201
3
166
62
2
166
152
1
166
184
4
166
47
3
166
242
2
166
100
1
166
169
4
166
196
3
166
232
2
166
101
1
166
34
4
166
217
3
166
146
2
166
104
1
166
190
4
166
137
3
166
228
2
166
57
1
166
91
4
166
45
3
166
235
2
166
86
1
166
206
4
166
176
3
166
248
2
166
114
1
166
53
4
166
15
3
166
225
2
166
61
1
166
72
4
166
127
3
166
117
2
166
190
1
166
161
4
166
176
3
166
77
2
166
43
1
166
202
4
166
145
3
166
139
2
166
205
1
166
144
4
166
136
3
166
164
2
166
134
1
166
49
4
166
186
3
166
98
2
166
38
1
166
39
4
166
193
3
166
83
2
166
180
1
166
150
4
166
94
3
166
210
2
166
132
1
166
64
4
166
3
3
166
188
2
166
185
1
166
36
4
166
230
3
166
6
2
166
197
1
166
101
4
166
180
3
166
86
2
166
181
1
166
114
4
166
143
3
166
187
2
166
68
1
166
255
4
166
73
3
166
15
2
166
30
1
166
17
4
166
41
3
166
1
2
166
121
1
166
126
4
166
212
3
166
41
2
166
59
1
166
116
4
166
121
3
166
144
2
166
146
1
166
74
4
166
70
3
166
81
2
166
177
1
166
60
4
166
196
3
166
187
2
166
107
1
166
133
4
166
154
3
166
17
2
166
74
1
166
25
4
166
156
3
166
96
2
166
115
1
166
47
4
166
218
3
166
141
2
166
15
1
166
59
4
166
114
3
166
86
2
166
176
1
166
11
4
166
252
3
166
210
2
166
232
1
166
59
4
166
128
3
166
59
2
166
26
1
166
52
4
166
62
3
166
174
2
166
210
1
166
70
4
166
244
3
166
202
2
166
240
1
166
116
4
166
80
3
166
188
2
166
209
1
166
2
4
166
46
3
166
240
2
166
4
1
166
14
4
166
54
3
166
46
2
166
1
1
166
46
4
166
26
3
166
165
2
166
129
1
166
113
4
166
43
3
166
66
2
166
119
1
166
167
4
166
84
3
166
200
2
166
197
1
166
253
4
166
1
3
166
221
2
166
82
1
166
191
4
166
47
3
166
105
2
166
86
1
166
126
4
166
191
3
166
244
2
166
37
1
166
95
4
166
26
3
166
253
2
166
123
1
166
243
4
166
233
3
166
24
2
166
67
1
166
244
4
166
179
3
166
189
2
166
93
1
166
28
4
166
4
3
166
79
2
166
218
1
166
23
4
166
112
3
166
33
2
166
64
1
166
4
4
166
37
3
166
243
2
166
39
1
166
62
4
166
99
3
166
151
2
166
55
1
166
60
4
166
253
3
166
80
2
166
177
1
166
217
4
166
14
3
166
238
2
166
108
1
166
