255
CONST 1 0
CONST 100 2
CONST 4 1
CONST 4 200
CONST 206 201
CONST 69 202
CONST 211 203
CONST 148 204
CONST 177 205
CONST 77 206
CONST 183 207
INPUT 253
OUTPUT 253
OUTPUT 1
ADD 200 207
SUB 200 206
ADD 205 206
SUB 203 203
SUB 203 202
SUB 207 206
SUB 203 207
ADD 206 203
ADD 206 205
ADD 203 200
ADD 203 206
ADD 202 203
ADD 200 204
SUB 206 201
SUB 202 201
SUB 200 202
SUB 201 206
ADD 200 200
SUB 203 203
SUB 201 200
ADD 203 204
ADD 205 202
ADD 201 202
SUB 207 205
ADD 205 205
ADD 203 204
ADD 200 205
ADD 203 204
ADD 200 200
SUB 207 204
ADD 206 201
ADD 203 203
ADD 203 201
ADD 201 201
ADD 203 205
ADD 201 203
SUB 203 201
ADD 201 205
SUB 201 205
ADD 201 202
SUB 201 207
SUB 206 202
SUB 207 207
ADD 200 207
SUB 201 204
ADD 202 201
SUB 204 201
ADD 204 206
SUB 204 207
SUB 204 205
SUB 207 203
SUB 204 201
SUB 205 207
SUB 201 205
ADD 204 202
SUB 203 203
SUB 205 202
ADD 207 207
ADD 202 207
SUB 200 200
ADD 207 206
SUB 201 205
SUB 204 205
SUB 201 206
ADD 205 206
ADD 204 206
SUB 207 207
SUB 207 201
ADD 205 200
SUB 203 200
ADD 207 205
SUB 200 200
SUB 203 207
SUB 200 207
SUB 202 201
ADD 201 206
ADD 201 200
ADD 202 204
ADD 206 201
ADD 200 202
SUB 203 206
ADD 202 203
ADD 202 207
SUB 200 206
ADD 205 206
ADD 203 204
SUB 200 201
SUB 205 204
ADD 206 200
SUB 205 205
ADD 207 207
SUB 202 206
ADD 202 205
ADD 202 207
SUB 202 205
ADD 202 205
SUB 206 204
SUB 205 202
SUB 204 200
ADD 203 202
SUB 200 200
SUB 206 207
SUB 203 203
ADD 204 205
ADD 203 206
ADD 202 206
ADD 200 202
SUB 200 204
ADD 204 202
ADD 202 202
ADD 201 200
ADD 206 203
SUB 203 206
ADD 205 204
ADD 202 206
SUB 205 200
SUB 204 204
SUB 205 205
ADD 204 200
ADD 207 200
SUB 203 202
SUB 204 206
SUB 205 203
SUB 204 201
ADD 203 202
SUB 206 206
ADD 206 201
SUB 205 204
SUB 207 200
SUB 205 206
SUB 206 204
ADD 205 203
SUB 206 200
SUB 205 207
SUB 203 202
ADD 201 204
CONST 172 207
SUB 205 201
ADD 206 207
ADD 201 205
SUB 204 204
ADD 202 207
ADD 207 204
ADD 206 202
SUB 206 206
ADD 202 203
ADD 206 200
SUB 204 204
SUB 206 203
ADD 205 206
SUB 201 207
ADD 204 203
SUB 204 201
ADD 205 204
SUB 202 201
SUB 201 206
ADD 201 202
SUB 201 204
SUB 204 203
ADD 200 206
ADD 201 207
ADD 201 204
SUB 201 207
SUB 207 202
ADD 207 202
SUB 202 202
ADD 200 202
SUB 200 206
SUB 207 202
SUB 204 205
ADD 207 207
ADD 202 201
ADD 202 200
ADD 202 206
SUB 205 204
SUB 200 200
SUB 206 204
ADD 200 207
SUB 202 202
ADD 204 202
ADD 207 205
ADD 204 206
SUB 203 201
ADD 200 204
ADD 207 205
SUB 207 203
SUB 202 204
SUB 200 204
ADD 205 204
SUB 200 202
ADD 204 201
SUB 207 207
SUB 205 205
SUB 205 203
ADD 200 200
SUB 204 204
ADD 202 200
ADD 203 204
ADD 204 205
ADD 202 200
SUB 205 204
ADD 202 205
ADD 204 200
ADD 206 207
ADD 207 204
ADD 203 202
SUB 201 204
SUB 203 202
SUB 201 203
ADD 200 202
SUB 203 206
SUB 206 202
ADD 202 202
SUB 201 206
SUB 204 200
SUB 203 203
ADD 203 203
SUB 205 205
ADD 203 206
ADD 204 203
ADD 200 202
ADD 201 203
ADD 206 204
SUB 205 200
SUB 200 200
SUB 202 207
SUB 206 204
ADD 201 205
ADD 204 207
ADD 205 207
ADD 200 207
ADD 204 201
SUB 202 203
ADD 204 206
ADD 200 205
OUTPUT 206
SUB 0 1
JNZ 1 3
SUB 0 2
JNZ 2 2
HALT
66
25
13
77
90
106
57
140
155
73
184
100
230
201
207
188
200
213
20
184
78
114
130
117
241
66
129
243
212
123
226
225
131
107
151
149
226
133
85
103
74
48
19
206
202
25
64
25
10
110
85
168
29
213
225
227
135
75
72
98
212
202
201
40
32
250
161
101
80
188
84
175
13
56
226
118
3
98
218
148
133
41
76
238
37
157
71
95
54
173
24
229
197
156
14
37
225
112
174
66
178
38
223
231
7
92
36
96
182
214
100
126
113
72
57
193
37
160
2
125
253
212
24
17
113
163
221
5
190
252
227
139
173
222
119
37
191
16
81
246
83
172
183
234
110
196
192
66
137
212
83
113
73
39
39
192
197
209
213
24
240
225
51
61
207
16
135
37
241
194
108
130
120
202
83
208
49
84
187
186
104
190
111
225
79
105
86
25
94
191
151
155
185
161
65
58
78
201
62
152
184
47
242
100
169
196
232
101
34
217
146
104
190
137
228
57
91
45
235
86
206
176
248
114
53
15
225
61
72
127
117
190
161
176
77
43
202
145
139
205
144
136
164
134
49
186
98
38
39
193
83
180
150
94
210
132
64
3
188
185
36
230
6
197
101
180
86
181
114
143
187
68
255
73
15
30
17
41
1
121
126
212
41
59
116
121
144
146
74
70
81
177
60
196
187
107
133
154
17
74
25
156
96
115
47
218
141
15
59
114
86
176
11
252
210
232
59
128
59
26
52
62
174
210
70
244
202
240
116
80
188
209
2
46
240
4
14
54
46
1
46
26
165
129
113
43
66
119
167
84
200
197
253
1
221
82
191
47
105
86
126
191
244
37
95
26
253
123
243
233
24
67
244
179
189
93
28
4
79
218
23
112
33
64
4
37
243
39
62
99
151
55
60
253
80
177
217
14
238
108
139
191
197
251
177
213
226
3
