68
183
41
133
216
179
8
240
42
139
146
229
179
223
124
181
182
203
5
137
216
150
27
33
193
190
67
218
48
218
10
178
54
204
11
5
56
113
79
245
41
20
209
188
225
41
227
101
37
124
204
216
164
249
197
191
13
31
189
53
245
246
195
167
7
103
219
215
174
217
73
193
87
26
79
134
249
131
53
185
39
39
246
108
43
8
226
127
234
242
114
219
99
65
245
108
203
184
53
104
163
13
248
49
244
168
1
76
16
252
113
189
121
24
163
99
130
23
239
170
106
104
102
169
243
77
219
52
201
100
181
221
244
104
7
10
9
38
129
187
79
43
132
255
251
253
47
253
22
34
192
49
188
85
204
174
213
196
165
11
152
238
160
91
222
108
225
181
175
217
135
129
122
30
121
91
43
231
104
229
111
71
114
64
49
227
144
6
118
71
210
218
241
80
123
121
206
122
248
214
48
185
147
244
177
115
110
143
159
92
34
126
180
213
232
246
161
13
178
255
169
125
147
127
11
245
143
145
131
86
239
229
46
60
66
48
231
81
224
175
133
125
186
249
200
168
149
140
71
211
181
178
196
238
126
138
68
0
99
186
181
126
176
104
212
14
142
232
133
131
158
214
36
154
93
49
113
3
119
122
5
94
133
106
0
161
32
247
64
100
10
61
23
6
46
71
172
45
119
248
178
83
47
202
244
92
160
249
27
92
203
37
82
168
91
175
105
4
232
15
3
167
32
147
4
52
64
41
3
115
166
28
139
16
130
91
216
94
222
78
98
230
20
124
67
113
23
137
83
250
205
85
247
22
118
97
120
181
6
176
15
118
69
175
79
79
139
74
27
61
213
120
149
76
122
119
200
108
35
130
119
170
191
61
122
77
247
176
30
9
71
138
152
104
8
233
160
232
8
39
214
40
202
66
70
253
174
30
171
116
33
144
58
197
53
112
74
62
44
86
109
155
193
43
132
89
209
192
180
100
38
148
21
69
101
242
230
3
112
128
24
213
242
36
187
235
73
237
224
103
196
135
209
173
34
135
74
52
20
145
222
189
244
76
63
126
214
53
96
241
194
201
20
196
206
2
173
106
82
205
88
43
159
143
75
26
141
237
159
239
89
154
47
153
242
22
93
108
43
14
98
74
240
81
209
41
147
101
176
2
207
27
162
214
206
191
24
153
13
216
239
1
200
77
187
133
74
214
65
167
206
106
150
224
97
244
7
180
57
20
147
16
40
239
100
213
139
106
203
223
132
182
23
113
89
79
234
179
45
158
193
115
226
85
69
241
81
8
192
23
34
20
39
126
46
165
123
237
91
249
37
178
112
240
149
93
138
246
129
232
92
235
117
121
20
146
8
226
54
30
247
174
210
236
23
26
192
187
105
99
222
218
199
154
2
128
150
110
143
242
30
133
98
136
205
145
89
30
127
174
30
107
61
138
55
121
74
62
112
128
90
0
170
224
66
116
123
23
228
209
88
80
132
168
149
80
64
77
138
35
160
169
65
187
212
9
40
133
219
209
24
86
174
88
52
203
207
36
57
169
3
196
32
20
25
150
120
223
160
202
1
154
114
3
98
142
55
243
240
85
204
132
137
0
54
248
86
161
124
25
126
127
141
164
7
133
199
212
2
137
225
44
19
238
26
214
117
94
231
134
92
40
236
166
154
151
89
171
250
143
249
149
94
248
96
240
240
100
60
236
3
52
180
90
33
111
15
191
66
99
194
221
157
112
19
148
21
201
69
114
134
129
142
215
200
48
143
219
95
185
26
109
4
120
251
7
210
221
85
143
218
30
116
192
221
71
91
129
162
15
146
189
225
81
139
85
249
222
231
219
37
227
250
79
71
152
214
149
179
57
139
3
80
59
131
230
186
76
194
45
122
111
111
232
220
213
112
36
169
172
8
118
138
171
9
180
140
110
226
204
55
62
62
42
0
71
11
219
25
148
142
225
120
37
204
62
182
160
107
71
0
78
46
193
75
107
125
237
106
145
193
176
215
75
83
63
94
199
143
22
47
214
86
64
86
229
26
186
201
212
243
179
62
28
80
134
57
64
4
151
146
156
199
241
82
241
163
189
110
190
105
75
245
179
30
68
85
1
119
167
180
147
97
100
163
103
239
198
222
164
170
150
141
160
44
238
2
227
194
96
239
216
34
32
108
2
117
97
241
213
90
143
46
173
246
139
18
20
198
101
117
211
92
50
60
177
208
162
86
212
108
153
185
178
121
183
179
4
51
228
213
90
88
54
118
74
147
54
151
72
198
245
131
210
220
146
70
108
197
249
119
219
208
127
249
80
66
15
213
35
108
80
241
115
127
104
160
243
201
68
213
210
226
246
151
105
216
132
106
122
232
237
93
144
90
136
34
220
46
171
19
234
137
2
166
237
207
191
246
211
78
242
28
190
140
148
250
156
163
147
6
66
91
246
179
202
245
105
17
74
89
246
168
134
93
46
61
254
253
10
5
208
15
240
189
19
130
35
197
244
148
75
90
83
68
246
245
93
50
200
140
113
10
149
135
100
140
13
9
29
252
43
0
186
16
67
166
23
74
237
207
99
104
166
67
26
216
252
47
79
175
241
85
165
181
63
77
22
111
118
196
180
154
51
248
0
231
153
183
126
158
132
142
252
114
173
104
63
52
122
206
30
119
98
40
203
147
198
7
128
241
217
224
33
160
120
152
228
178
28
195
148
148
73
247
222
32
127
206
129
54
57
149
233
176
46
44
115
223
215
229
104
177
32
10
151
79
236
50
160
81
166
126
38
194
21
219
40
7
48
71
175
140
95
7
221
145
22
127
244
40
193
54
65
116
138
164
23
130
148
188
102
168
221
235
145
146
166
86
195
56
104
112
136
240
118
117
215
222
196
169
198
46
75
29
80
28
32
3
31
157
111
66
61
126
200
238
129
72
1
191
165
217
185
101
212
250
108
218
160
243
66
10
223
234
187
215
15
36
197
151
184
200
18
85
91
106
136
115
40
38
191
214
211
165
140
250
157
227
39
184
14
170
8
139
84
71
95
161
102
137
188
27
248
152
188
97
181
225
28
232
8
182
94
2
98
143
41
85
218
195
67
190
177
189
148
193
100
190
173
162
98
173
143
252
60
34
31
45
224
133
254
174
231
193
104
171
197
104
86
222
185
191
196
184
21
177
0
193
132
201
24
229
210
90
174
129
35
205
72
253
191
124
252
192
118
151
244
29
76
133
248
164
207
127
215
203
1
1
106
149
165
216
254
239
226
134
111
160
92
221
85
254
174
144
219
41
45
171
197
255
126
151
164
44
68
192
109
48
250
143
196
195
237
148
157
158
111
23
91
65
73
91
166
162
194
47
238
84
32
19
248
15
45
230
97
44
197
2
24
246
121
160
19
222
159
119
140
179
42
122
126
249
67
102
125
248
120
40
33
75
3
222
233
138
241
123
27
9
225
69
236
236
220
135
172
228
109
198
6
149
24
39
193
76
15
109
239
128
127
24
179
5
68
130
178
54
176
121
100
20
174
169
166
51
196
148
35
35
154
146
22
145
140
27
27
50
117
234
232
178
31
239
22
184
244
171
63
169
193
57
198
117
100
90
50
116
1
251
224
50
207
250
76
5
149
54
167
185
156
237
246
237
102
231
244
130
51
136
128
66
214
214
131
110
148
59
14
156
140
237
255
72
160
184
251
84
198
209
215
87
12
61
178
192
248
239
238
185
241
209
112
180
170
119
185
227
220
51
59
233
175
140
179
64
12
30
55
193
160
225
171
113
85
40
46
71
25
122
57
100
82
136
207
79
110
76
39
135
26
96
113
136
151
162
183
46
161
118
141
136
45
241
6
165
181
202
24
131
224
30
34
173
93
207
68
48
104
197
254
196
56
27
167
149
132
96
60
36
231
172
24
192
243
22
9
28
232
50
143
136
42
65
26
176
53
25
182
146
149
31
185
169
34
74
56
7
66
41
152
15
218
106
211
19
251
214
239
242
153
124
207
67
22
208
213
32
25
6
223
169
180
199
75
21
221
186
25
164
154
241
222
173
32
25
102
210
237
174
221
100
72
27
92
37
1
115
3
47
171
106
24
119
0
40
229
184
43
67
141
160
95
114
235
173
142
14
213
55
152
98
174
153
169
160
189
241
7
151
99
165
176
104
186
153
170
38
63
82
184
44
156
64
127
7
123
174
192
218
110
137
194
211
167
177
137
217
219
202
49
232
56
232
7
225
137
90
175
161
190
188
194
51
81
154
40
254
131
134
92
235
54
0
125
214
101
146
235
114
34
204
30
53
135
73
109
132
26
156
48
138
199
205
20
114
253
141
0
253
165
32
131
77
126
93
233
168
72
201
47
181
71
207
167
61
127
14
122
41
104
213
30
170
145
159
48
3
70
189
117
180
135
29
209
160
123
132
4
244
13
170
120
208
81
139
199
171
112
240
6
100
201
120
34
104
176
212
165
161
226
219
62
90
45
225
22
246
138
200
63
216
165
141
46
205
19
45
163
178
33
71
23
5
192
101
233
130
75
77
191
31
149
21
189
226
117
107
211
56
150
156
7
54
62
34
147
109
10
224
139
55
28
203
236
17
33
102
43
52
14
111
111
252
226
46
55
200
227
96
8
75
147
10
34
198
7
49
222
112
239
16
11
10
181
212
116
193
174
168
136
12
160
203
98
15
181
169
34
197
197
80
4
180
54
103
102
160
121
98
6
74
26
247
128
203
218
132
66
141
32
144
248
162
31
111
54
161
42
133
232
180
128
116
52
8
86
27
115
254
209
158
88
62
251
199
124
74
99
118
6
185
196
5
148
47
115
173
21
39
29
32
119
16
27
51
111
146
107
208
136
94
143
233
2
127
98
62
107
235
163
243
156
98
122
199
55
153
234
147
61
248
7
18
227
142
117
204
64
185
163
111
223
198
107
41
81
106
119
64
53
72
187
231
123
57
180
12
64
155
110
15
223
20
87
216
228
240
30
185
214
72
171
102
167
247
181
85
126
76
74
193
170
174
187
102
113
173
47
141
157
69
0
119
208
35
17
9
207
53
118
60
118
133
150
234
178
133
144
151
180
151
247
12
226
70
122
232
72
61
219
173
210
243
138
120
42
53
55
31
107
238
114
93
222
108
184
168
40
149
240
213
137
76
3
45
204
34
112
48
189
75
189
59
135
133
222
108
129
1
45
189
93
36
154
38
200
211
179
14
21
46
44
10
171
87
175
75
7
74
19
117
89
159
225
160
134
240
192
168
238
211
244
63
38
118
32
106
153
243
248
174
180
37
0
64
12
163
14
98
233
235
2
57
185
57
30
201
15
97
211
125
46
166
170
111
191
48
160
120
133
165
11
87
244
125
21
93
13
99
246
61
24
239
87
124
73
94
168
188
52
203
163
12
105
59
6
49
107
217
122
77
162
242
92
184
211
218
42
60
107
