100
439
87 90 77
59 93 27
85 94 37
82 88 65
82 91 89
82 86 67
62 91 72
62 77 63
62 98 53
50 93 83
50 98 7
75 91 28
54 90 14
9 66 91
9 14 57
9 77 83
9 90 60
25 45 45
25 53 94
25 35 60
79 90 35
79 96 43
79 83 12
65 66 78
30 66 89
30 97 9
30 40 88
30 67 65
30 99 23
6 76 60
6 44 70
6 32 60
6 99 11
6 91 76
49 93 15
49 85 31
49 100 36
1 70 65
1 89 33
1 22 27
1 66 79
1 32 25
71 95 37
71 91 24
70 95 31
70 76 39
47 59 36
47 73 44
47 76 36
23 27 27
23 35 62
33 98 32
33 42 82
33 40 9
46 52 98
10 28 61
10 78 13
10 61 44
10 81 79
10 95 42
24 42 38
24 91 41
24 47 9
24 40 50
24 67 92
24 84 25
57 64 42
57 93 55
57 63 22
57 90 79
57 95 98
43 99 89
43 84 25
43 48 80
43 77 58
2 8 93
2 40 87
2 7 25
2 90 82
2 4 79
2 12 100
34 69 18
34 42 92
34 84 66
34 75 94
34 45 87
29 72 81
29 45 23
29 56 42
29 88 50
83 84 22
37 55 28
37 59 21
37 68 100
37 76 57
37 39 9
36 42 5
36 100 60
36 58 18
36 55 56
67 91 72
7 42 56
7 67 22
7 76 75
7 88 65
22 94 26
22 55 47
22 23 49
22 45 71
22 61 37
22 29 70
64 83 66
64 99 100
11 32 77
11 74 36
11 42 10
11 45 76
11 96 79
11 100 66
11 65 49
48 68 18
48 76 6
48 63 96
48 92 20
48 91 81
8 80 83
8 25 45
8 89 88
8 26 39
8 72 86
8 35 88
38 40 72
38 100 86
38 69 80
38 90 39
38 66 7
38 87 45
38 51 67
18 29 51
18 55 46
18 81 96
18 33 99
18 34 53
18 95 85
19 54 81
19 91 84
19 20 51
19 80 48
19 94 71
19 75 94
19 72 36
12 86 65
12 52 78
12 55 82
12 85 89
12 42 85
12 17 94
56 58 91
56 60 45
56 97 81
56 92 24
72 78 84
17 81 81
17 40 69
17 68 57
17 69 11
17 46 13
17 66 50
73 99 23
73 78 74
73 95 23
80 88 100
80 93 28
16 53 14
16 55 36
16 91 52
16 74 93
16 49 22
16 78 39
28 31 86
28 100 19
28 96 7
28 64 14
28 78 52
27 37 76
27 63 35
27 80 81
27 36 63
27 60 54
27 91 57
27 45 23
27 44 13
89 99 83
89 96 5
69 95 80
69 74 75
52 90 26
52 89 85
52 69 73
52 53 18
52 88 47
58 90 8
58 91 19
58 88 58
58 99 81
58 78 28
58 66 21
68 96 39
68 75 77
39 85 100
39 60 83
39 62 81
39 40 83
31 99 9
31 43 15
31 36 79
31 35 44
31 65 58
31 63 73
31 32 70
31 78 68
31 61 24
88 90 5
88 89 81
74 95 10
74 86 60
74 100 22
74 83 49
15 99 66
15 39 91
15 70 95
15 51 57
15 40 19
15 86 78
15 92 95
15 32 32
15 74 51
15 53 10
44 72 68
44 53 17
44 60 5
44 54 35
44 73 10
44 65 75
41 42 51
41 63 63
41 70 46
41 78 73
41 56 31
41 99 40
41 48 31
86 95 75
86 90 75
14 56 76
14 16 5
14 79 59
14 42 83
14 86 71
14 84 96
14 28 41
14 72 33
14 21 9
14 61 53
60 78 32
60 95 88
60 64 60
60 72 24
13 99 75
13 76 63
13 28 88
13 16 91
13 53 60
13 84 55
13 18 99
13 17 16
13 32 27
13 55 69
51 90 72
51 52 52
51 96 30
51 64 69
51 89 70
51 94 19
84 91 17
84 87 16
84 96 57
84 88 60
84 98 61
5 53 28
5 69 16
5 78 21
5 41 17
5 51 99
5 44 76
5 42 32
5 7 45
5 40 87
5 26 37
5 60 23
5 45 51
5 58 76
45 82 44
45 100 66
45 76 56
45 71 10
26 86 32
26 94 94
26 39 66
26 98 60
26 55 42
26 89 84
26 42 22
26 49 41
26 99 47
26 96 85
26 46 99
3 64 61
3 66 42
3 41 25
3 68 24
3 86 90
3 26 17
3 10 7
3 45 78
3 13 22
3 53 29
3 69 36
3 73 21
3 63 47
3 71 24
3 78 60
53 68 38
53 76 5
53 88 34
53 78 72
53 55 39
53 98 13
78 93 21
78 99 41
21 63 96
21 52 65
21 89 62
21 51 7
21 90 34
21 23 73
21 39 38
21 28 52
21 33 32
21 45 70
21 55 61
21 92 66
21 97 56
4 26 94
4 43 21
4 55 25
4 86 42
4 23 55
4 60 52
4 54 17
4 68 77
4 20 76
4 21 37
4 32 77
4 99 37
4 84 76
4 93 37
4 63 95
55 63 39
55 99 68
55 98 36
55 83 83
55 73 6
35 66 53
35 63 36
35 91 100
35 39 19
35 72 74
35 81 29
35 53 84
35 67 89
35 96 55
35 57 20
35 41 37
42 66 84
42 91 62
42 76 61
42 96 34
42 45 74
42 77 22
32 35 45
32 87 37
32 80 81
32 81 36
32 47 68
32 90 51
32 76 31
32 46 74
32 63 68
32 51 84
63 73 58
63 86 33
63 99 35
63 97 9
63 67 47
90 95 73
66 78 56
66 74 85
66 90 32
66 69 75
66 91 72
66 71 96
66 77 66
66 81 38
40 76 25
40 41 37
40 80 7
40 50 83
40 74 52
40 61 8
40 60 48
40 63 92
91 93 88
91 100 98
20 40 17
20 99 19
20 46 98
20 39 95
20 94 60
20 21 26
20 44 27
20 68 47
20 90 36
20 50 72
20 80 50
20 83 79
20 35 53
20 55 75
20 59 9
20 61 11
