700
2000
628 73 22
218 398 44
613 245 93
544 300 69
201 84 49
361 559 12
534 556 91
113 46 83
601 5 77
589 695 47
470 201 37
474 346 43
82 158 20
265 5 77
474 677 44
288 361 26
125 198 26
87 164 36
426 636 51
188 268 70
633 239 66
324 411 13
408 52 6
63 50 39
314 64 75
280 77 14
264 348 8
683 248 82
553 265 34
420 143 49
3 354 52
697 52 16
62 554 4
655 26 52
482 409 6
662 214 75
70 545 94
518 340 45
408 299 64
35 435 63
278 603 43
441 238 67
366 171 69
68 419 33
14 30 15
87 407 24
323 183 5
219 189 27
109 190 91
263 351 11
332 248 12
559 660 98
158 147 42
488 617 29
252 289 4
162 362 47
45 260 37
347 388 87
700 95 13
671 615 88
509 674 79
488 414 48
389 166 58
197 312 88
224 299 95
678 694 27
43 593 89
462 150 6
253 479 48
393 645 22
297 638 52
101 373 43
377 108 67
277 284 1
576 289 8
372 345 35
684 266 74
157 563 67
352 544 53
188 59 84
687 182 29
330 309 69
644 628 79
204 59 15
385 326 97
461 228 12
328 22 41
344 394 38
372 236 100
157 700 92
31 292 73
288 276 73
17 699 10
248 260 40
55 455 48
601 535 93
65 438 70
311 75 29
296 637 38
386 405 19
545 102 64
674 510 49
225 198 96
496 620 21
565 665 87
440 622 90
10 360 47
282 174 19
474 152 28
601 660 63
695 524 89
442 221 76
132 579 30
13 197 15
176 229 80
676 317 8
345 346 85
97 556 68
399 312 11
508 642 13
465 255 92
88 475 82
354 160 65
683 432 65
182 475 34
540 68 3
429 285 53
144 609 83
133 627 93
265 237 22
482 194 94
507 569 70
369 301 82
133 398 80
279 382 39
84 386 57
447 682 46
398 41 94
419 365 47
637 425 39
133 116 37
691 481 59
21 291 74
669 246 43
113 214 28
466 423 82
117 370 67
130 321 62
479 13 71
77 331 18
327 7 35
131 650 71
9 325 23
283 582 95
463 223 39
121 455 37
110 527 73
500 443 68
54 359 6
20 588 48
434 423 5
337 423 53
347 698 80
75 114 72
189 407 80
678 700 77
201 32 16
464 448 73
474 384 72
267 253 72
243 115 18
648 188 14
94 380 90
238 81 55
377 447 82
97 339 40
664 122 82
160 203 41
189 177 39
20 582 34
461 65 50
369 615 91
171 669 48
347 519 7
612 451 30
376 662 46
39 535 32
526 309 48
70 128 68
4 364 59
583 564 19
533 149 27
419 635 51
248 9 56
672 183 85
54 639 59
89 452 7
102 349 17
543 103 52
69 66 64
144 25 56
261 132 87
292 528 67
498 475 78
597 479 54
543 74 97
248 230 33
274 532 53
424 374 34
310 346 60
318 86 42
526 308 42
202 103 21
293 66 55
44 503 52
695 284 39
610 552 96
315 364 55
671 684 79
413 244 37
585 136 59
588 635 78
569 208 68
653 387 14
398 274 21
341 93 62
506 122 81
207 686 63
22 129 92
135 528 32
6 388 69
629 99 32
219 328 77
498 619 77
1 482 45
427 99 100
507 649 78
340 578 28
477 154 33
145 232 95
189 507 12
158 378 15
98 128 87
96 342 84
527 653 72
578 55 1
212 84 74
116 44 2
420 589 90
238 637 88
675 75 11
385 403 48
302 174 34
254 554 22
296 242 15
430 302 71
180 185 59
324 582 25
11 639 54
205 59 23
468 64 79
229 635 20
440 18 22
408 199 3
78 251 33
359 433 53
528 488 38
197 643 85
632 488 38
159 650 76
259 362 81
452 559 78
52 318 7
6 558 18
564 342 49
338 391 69
543 554 4
697 264 31
472 694 18
386 360 84
631 675 98
114 153 63
444 500 74
511 630 18
334 14 100
546 412 27
86 498 65
663 468 28
405 233 56
340 590 2
565 38 21
122 92 43
355 571 6
19 172 59
318 382 71
275 126 96
255 71 34
671 303 32
342 152 84
318 214 1
112 257 98
319 561 49
585 282 42
616 651 82
677 420 78
574 443 73
374 31 85
276 251 73
225 464 54
490 173 65
94 616 34
82 463 5
433 127 62
482 89 38
6 508 30
325 117 79
156 106 26
645 685 15
598 632 61
18 518 25
281 588 38
262 158 51
540 527 79
319 427 93
65 583 66
477 8 44
105 603 9
164 2 54
323 458 10
674 601 91
336 661 49
19 325 88
53 462 88
303 176 61
588 215 87
636 646 91
506 11 49
119 138 80
400 588 82
527 109 29
484 358 64
194 212 74
332 148 64
7 533 17
609 33 9
636 603 96
207 418 91
289 656 88
470 571 82
270 104 93
255 56 94
22 3 74
253 521 22
672 392 3
611 75 91
397 431 84
337 485 27
435 124 26
654 327 73
526 431 53
4 274 93
175 471 13
393 169 19
438 323 91
363 344 96
676 606 80
82 450 83
420 471 80
128 140 47
600 185 2
650 442 73
136 421 61
230 411 23
241 162 64
580 150 9
118 36 4
278 5 84
695 240 21
218 650 22
602 498 6
204 188 21
342 311 87
554 406 26
560 482 100
505 300 36
218 353 89
59 421 88
417 643 47
516 144 18
264 591 20
250 378 57
616 698 15
31 224 86
560 371 59
376 388 97
684 361 33
410 565 80
312 28 32
684 311 24
368 522 24
196 68 46
608 519 51
562 389 20
440 673 94
161 483 75
431 682 100
671 344 22
535 571 55
136 551 85
696 662 79
260 33 52
416 249 51
660 523 91
341 542 82
501 132 8
543 187 79
242 104 34
2 613 84
176 142 60
54 35 15
606 465 49
661 288 2
515 366 45
143 437 60
307 30 56
694 405 10
382 125 56
455 33 7
383 552 47
673 134 39
550 286 59
223 674 64
229 19 93
638 291 93
569 503 75
608 537 59
295 422 63
37 587 39
421 216 20
33 210 28
448 346 85
525 483 74
573 71 8
201 77 100
378 683 83
169 518 33
640 459 64
624 278 26
400 152 53
186 535 87
592 400 39
458 211 37
684 237 19
22 228 2
399 236 42
689 414 46
513 440 83
297 265 50
485 593 3
507 247 39
142 478 96
680 441 50
592 420 32
408 333 96
202 617 64
392 64 41
511 481 2
113 553 55
608 395 15
133 561 2
197 672 52
171 274 46
628 284 42
55 501 64
508 363 78
445 365 36
355 143 12
544 362 23
435 507 2
109 587 85
95 189 94
237 418 8
117 560 62
352 280 12
297 57 9
677 604 99
477 72 15
378 663 18
25 394 27
209 520 85
593 420 91
416 311 11
353 2 52
538 168 53
424 321 61
601 627 20
308 41 51
208 476 64
438 307 3
17 315 8
222 173 25
254 164 70
379 410 17
36 632 8
409 497 99
375 188 8
133 355 34
225 514 20
75 51 38
413 675 59
536 28 95
663 477 12
464 422 67
625 644 66
83 217 11
684 459 61
380 233 10
517 477 21
50 268 68
456 500 82
307 635 29
67 574 33
270 257 1
105 406 13
219 93 45
184 137 68
317 529 57
505 421 65
346 681 57
405 268 14
678 237 23
627 265 71
536 289 85
151 475 73
547 214 89
586 565 12
649 54 11
97 491 22
60 121 100
43 420 49
349 1 51
22 642 69
511 398 22
464 499 97
377 503 65
364 433 52
28 483 48
650 198 17
244 423 53
680 246 39
53 165 51
279 538 69
187 331 23
78 35 13
484 519 45
310 397 25
316 174 9
443 263 43
163 221 33
282 443 54
160 153 87
76 338 63
281 617 80
371 201 62
320 683 37
470 30 88
504 370 94
518 637 19
514 73 92
621 30 20
160 311 41
359 647 26
415 31 84
371 508 61
439 204 40
98 290 18
441 414 69
541 124 24
258 584 57
123 619 100
86 493 83
154 402 71
364 372 62
285 511 35
150 323 36
43 563 65
569 226 5
218 211 93
312 528 21
286 312 46
153 574 22
170 539 14
94 643 68
575 683 62
238 526 9
541 628 54
81 306 80
32 569 97
561 411 26
209 408 35
649 399 47
68 620 69
90 404 25
163 33 1
396 286 47
587 114 64
475 291 72
526 268 28
61 459 69
410 641 24
267 400 100
41 416 71
588 293 93
619 479 83
513 428 28
575 515 53
257 214 5
371 91 51
395 529 63
319 220 13
14 69 19
566 374 88
604 509 51
223 3 17
480 211 25
350 215 71
243 4 77
603 427 92
492 22 70
287 561 25
198 70 59
224 108 84
139 155 15
239 450 28
169 152 89
88 688 58
168 582 27
248 467 81
66 303 47
233 579 74
184 127 93
159 37 9
216 454 53
271 295 59
608 380 19
236 54 52
277 174 30
240 679 1
43 125 21
427 449 81
48 588 29
436 350 50
677 416 75
63 97 26
207 186 6
81 65 14
212 237 45
111 419 59
195 652 64
522 116 31
561 156 96
56 488 63
641 595 14
405 354 86
48 83 50
347 570 72
117 268 22
431 456 47
700 340 88
198 95 100
8 328 33
523 596 63
248 660 66
447 276 61
431 474 61
314 423 16
410 605 59
163 233 35
133 203 67
69 494 27
133 147 85
495 433 66
698 291 2
243 254 95
623 681 6
567 606 13
462 125 27
97 484 97
506 415 67
649 492 21
504 279 5
249 551 65
455 476 54
250 45 16
671 234 90
125 546 19
231 370 10
374 208 5
641 122 99
482 548 3
133 566 50
77 647 93
326 347 68
76 620 69
17 59 5
126 12 42
145 447 89
513 505 69
362 602 38
150 33 9
381 487 69
656 398 24
435 669 56
95 425 71
647 68 82
338 504 93
570 413 91
444 375 87
558 308 10
110 692 74
75 277 87
335 164 45
644 459 81
181 150 25
383 262 49
452 293 84
225 475 96
45 291 70
655 589 2
372 84 49
672 579 45
374 376 86
112 217 40
209 216 96
135 11 86
432 68 32
340 584 20
413 382 13
567 621 96
659 107 21
479 89 78
289 244 15
499 261 94
453 223 73
438 150 61
374 282 70
448 429 94
510 275 50
398 297 37
498 67 19
456 304 32
50 384 97
174 565 79
307 212 71
337 602 96
676 193 70
647 252 11
104 336 54
184 208 33
101 227 41
183 46 98
281 674 14
134 338 31
274 579 52
561 244 48
303 152 77
239 367 73
659 523 45
38 608 21
25 12 47
61 458 22
161 609 44
219 394 27
497 477 80
324 387 16
260 476 4
83 406 32
120 433 10
306 270 30
172 492 61
459 454 92
234 594 72
224 469 57
558 515 75
210 666 15
206 502 8
193 594 28
370 544 97
360 346 72
193 640 87
93 89 76
87 23 3
315 22 70
536 82 35
16 231 73
639 642 5
408 133 27
144 398 4
648 161 4
551 159 77
530 178 51
503 433 94
510 274 19
255 385 71
269 209 8
567 396 6
419 344 18
273 137 24
238 117 25
330 291 36
681 605 42
679 26 90
124 614 83
281 321 72
320 322 42
257 685 17
100 526 94
580 305 81
350 533 5
189 357 46
157 453 44
97 420 38
42 472 70
436 330 6
291 582 28
623 341 60
344 580 29
549 146 3
171 434 56
227 361 41
372 673 67
274 566 8
693 136 53
602 648 72
177 98 40
190 84 82
23 423 71
515 441 53
333 669 18
200 526 82
561 622 3
375 289 79
393 20 4
450 646 17
637 558 25
58 389 35
30 497 22
460 329 64
16 218 53
158 305 97
26 503 73
561 11 36
259 166 55
489 509 73
646 440 86
71 647 19
596 179 37
36 256 75
283 550 46
560 151 10
580 406 57
646 467 98
40 649 9
394 418 10
589 696 20
695 71 1
619 31 25
161 591 17
104 256 21
243 206 95
211 441 81
153 294 40
109 387 28
174 39 20
78 596 81
131 565 94
494 263 40
201 225 55
682 560 90
7 196 96
241 40 31
585 482 96
699 622 12
270 304 86
238 361 92
236 376 21
449 223 59
257 315 52
595 301 1
68 326 55
206 269 62
78 61 20
64 532 20
536 33 99
500 698 11
74 140 97
456 365 1
6 120 69
516 477 40
331 693 96
582 194 24
361 36 21
254 660 23
65 525 69
599 191 63
198 123 42
7 438 51
224 34 14
248 671 66
640 685 94
85 629 76
162 555 45
453 311 65
230 669 63
503 567 11
27 108 41
537 551 64
676 249 24
650 626 75
115 509 84
390 190 39
610 431 95
392 432 26
426 284 93
152 441 77
365 658 12
281 170 70
458 640 7
43 566 77
53 678 34
557 27 94
146 547 4
282 569 91
238 479 5
580 610 67
654 118 15
549 356 22
614 121 70
594 294 52
145 603 34
182 159 3
497 383 1
195 450 80
405 391 25
551 531 44
232 246 63
164 275 77
466 113 67
284 97 67
61 615 55
427 68 50
183 355 36
477 490 63
63 577 60
566 340 55
136 476 80
384 280 83
538 299 23
368 663 52
193 489 18
82 613 61
409 559 82
339 456 25
653 552 45
107 562 57
84 378 65
369 10 74
413 39 1
561 218 30
555 193 57
445 62 2
264 50 45
518 23 98
512 257 7
432 280 12
659 58 3
64 32 21
487 475 31
373 174 40
378 342 78
589 694 91
693 545 45
570 567 53
491 612 16
659 572 84
580 247 60
468 606 63
199 200 32
51 523 61
374 48 56
373 641 3
455 187 67
692 675 30
273 173 23
136 439 86
192 589 48
380 512 31
391 89 43
176 86 5
354 136 32
290 67 3
287 92 62
559 344 67
356 510 4
521 94 48
165 54 17
502 566 97
122 168 39
204 406 13
635 282 33
241 472 32
218 103 82
485 42 91
173 25 16
324 654 93
358 561 86
17 674 54
22 249 90
664 634 48
376 329 7
525 503 40
679 8 50
672 425 97
144 128 58
513 626 53
443 108 33
1 54 32
494 565 88
91 277 57
224 610 27
122 398 47
518 362 3
216 563 92
516 110 51
539 654 70
73 39 34
135 58 55
84 186 13
242 331 65
26 559 21
593 224 56
142 145 49
553 548 41
221 14 62
568 196 22
650 357 35
343 303 14
224 384 4
379 282 12
225 128 21
571 442 96
255 491 42
677 488 27
425 232 28
692 480 35
389 356 91
417 105 26
198 76 15
660 426 34
543 619 45
342 109 66
675 264 18
364 107 21
398 103 95
457 497 20
583 26 5
10 694 55
516 437 2
298 642 71
558 501 40
28 104 33
475 674 90
309 219 12
534 535 1
36 599 72
59 627 37
30 652 34
575 377 32
154 645 9
522 252 64
7 390 83
212 106 28
62 561 26
607 654 31
278 223 85
279 156 33
259 88 5
314 131 16
681 571 36
475 600 45
457 582 94
626 106 3
405 61 56
485 3 51
220 289 39
18 240 64
511 135 18
591 693 53
113 275 29
649 5 15
617 149 13
200 58 14
207 104 18
448 79 33
597 62 3
129 43 98
698 524 23
227 38 29
508 213 91
105 518 30
40 52 11
607 667 72
110 486 54
320 63 82
330 397 99
633 407 98
699 169 28
23 699 93
199 626 12
395 601 22
464 98 17
601 162 54
327 349 62
106 168 39
335 125 8
454 379 7
649 357 11
497 597 76
214 537 13
305 513 53
490 495 62
24 684 25
303 236 44
325 188 41
583 378 56
225 150 87
168 699 98
196 324 16
558 242 22
139 496 88
665 577 74
69 527 71
405 272 25
169 34 98
532 313 65
560 604 94
480 481 95
510 492 66
151 599 86
399 524 87
33 542 82
70 577 23
660 615 8
655 599 99
205 589 94
167 9 5
553 122 39
225 694 87
487 511 76
407 20 84
549 576 68
184 293 47
394 205 41
4 533 26
424 246 48
335 54 100
57 503 38
335 540 12
517 680 98
430 130 71
312 81 64
575 638 86
259 544 77
392 656 15
632 264 24
151 91 4
238 667 17
478 276 97
399 147 28
646 368 30
273 456 52
627 17 17
397 122 57
423 49 16
59 551 58
507 145 33
135 658 14
648 367 10
104 377 9
75 689 98
468 521 21
554 376 54
663 675 38
618 12 26
18 209 6
541 359 6
480 164 87
624 147 15
700 350 3
559 421 59
191 690 48
107 402 27
109 325 20
31 419 32
540 163 85
664 477 27
431 14 18
61 73 13
63 510 66
421 405 1
430 558 22
420 371 41
221 509 53
333 414 65
487 101 36
456 560 36
189 472 97
564 444 43
279 57 83
185 220 63
127 553 6
335 282 33
250 150 30
605 300 6
636 575 68
338 99 69
38 71 3
320 519 23
637 344 21
666 482 11
102 237 87
293 432 22
402 515 1
256 631 83
99 650 92
133 608 74
308 192 51
513 290 64
540 463 67
258 525 17
111 71 81
257 353 40
287 245 54
556 267 40
271 510 29
322 425 13
108 360 51
115 147 12
339 92 72
86 22 29
417 486 68
674 12 67
108 242 32
469 264 37
452 620 52
101 626 64
474 664 73
56 199 23
581 645 56
296 678 36
510 506 75
161 180 90
670 500 84
186 362 10
532 208 99
91 42 94
104 108 15
580 293 38
537 103 47
364 148 38
601 230 9
405 540 95
307 462 64
468 638 70
191 182 21
407 31 83
360 31 39
291 553 10
589 558 25
455 203 36
223 131 61
451 257 84
305 179 8
190 133 36
338 669 83
463 302 82
145 527 73
466 469 18
174 515 32
519 226 40
53 259 9
255 192 7
316 593 25
578 659 40
308 145 21
432 408 40
408 600 31
231 180 14
158 383 63
3 230 2
405 429 50
695 636 32
237 312 34
380 324 40
73 175 61
506 602 93
278 643 32
312 688 31
538 249 73
282 544 7
403 56 63
396 624 2
700 526 92
263 337 35
657 225 84
693 360 15
69 208 68
248 257 12
271 369 63
361 244 1
235 360 5
362 501 45
369 270 42
578 180 1
594 399 50
59 525 31
81 30 63
639 595 86
70 292 61
9 481 16
61 572 18
336 644 53
251 567 100
360 257 24
694 134 74
656 132 83
154 525 93
283 538 79
491 309 23
404 679 37
5 476 24
159 1 31
238 510 20
201 339 49
292 138 64
210 180 62
680 244 45
616 489 94
550 346 27
627 341 52
285 102 9
163 390 81
13 380 34
505 320 22
472 680 46
688 318 8
665 501 99
65 535 5
598 119 88
247 566 6
647 443 2
661 178 84
680 613 40
390 452 60
563 235 28
443 132 83
510 626 30
677 76 59
31 100 48
108 561 95
484 388 48
76 460 70
378 364 16
534 326 9
469 205 80
353 300 68
376 395 4
245 223 64
1 512 28
603 507 12
454 452 41
675 362 26
96 447 35
115 44 42
57 561 51
429 616 5
14 139 21
548 293 81
257 339 55
141 220 27
321 64 69
422 556 85
498 317 2
247 590 76
99 431 13
241 662 11
594 398 17
689 282 13
38 494 94
339 184 89
569 100 37
178 556 41
296 641 37
411 479 32
209 611 73
154 456 32
409 235 77
1 124 23
9 169 17
43 606 47
265 52 4
295 94 15
275 617 83
422 261 79
525 316 94
204 28 21
186 272 53
612 624 69
153 49 2
499 98 17
495 559 38
672 370 41
663 568 61
271 380 84
622 21 32
539 688 28
371 639 34
561 351 42
388 488 86
241 518 16
410 278 6
72 539 39
570 644 5
131 368 29
401 619 5
264 142 45
51 337 84
637 243 94
546 384 56
215 270 76
164 272 74
694 327 55
376 440 17
362 86 81
463 651 97
524 81 95
587 102 81
281 359 89
479 270 90
73 528 27
614 230 13
39 444 41
233 676 4
526 479 31
494 696 60
402 418 40
439 216 3
299 596 54
314 663 75
665 285 100
139 663 38
524 444 56
235 221 7
242 481 93
290 93 77
73 90 47
501 668 18
235 185 30
587 142 58
591 109 43
87 381 40
253 608 43
90 370 85
91 65 23
133 172 27
104 394 76
84 35 93
62 144 70
372 434 88
353 667 99
195 666 95
38 603 2
84 180 57
399 184 60
101 463 28
221 293 35
353 360 52
466 509 79
394 517 61
684 442 10
430 493 68
72 357 5
301 371 99
675 274 60
183 265 73
108 212 61
652 59 81
443 243 9
537 336 49
580 569 61
527 585 72
210 566 78
209 268 52
366 36 13
52 450 95
115 541 35
176 10 64
30 136 90
370 73 2
473 683 68
576 621 23
588 202 17
531 439 29
569 324 96
489 251 54
522 67 37
255 59 70
614 272 56
179 303 48
93 100 45
521 544 97
548 670 86
458 392 28
282 69 31
444 527 80
631 68 48
312 316 22
74 117 14
80 603 47
119 516 90
403 148 72
571 15 23
267 229 73
666 326 35
426 63 68
581 504 84
424 508 86
607 501 96
300 556 73
211 296 44
657 196 85
298 124 81
41 465 68
47 146 3
335 284 22
168 360 38
401 176 100
656 668 35
374 228 88
449 219 79
461 113 58
447 146 7
642 666 26
235 541 23
312 210 79
347 453 54
565 288 21
413 386 30
391 609 100
354 91 33
616 492 33
125 542 55
144 601 95
546 314 16
346 21 84
382 252 26
623 396 31
207 577 2
417 132 59
290 373 19
305 32 28
519 7 33
514 366 57
478 106 68
401 273 89
329 556 19
186 98 35
154 294 21
330 277 98
100 550 79
321 104 72
130 658 45
248 140 16
119 228 57
572 630 19
700 503 49
296 266 76
569 456 40
2 627 28
434 170 41
626 387 19
520 550 49
380 672 62
151 666 12
501 68 55
675 233 3
524 679 7
406 440 9
460 12 86
309 539 6
400 615 11
442 34 82
219 674 91
283 17 23
276 231 86
158 289 98
155 477 31
191 31 71
487 551 100
582 526 60
547 314 29
305 460 75
223 696 92
451 162 77
69 260 14
245 110 16
267 117 55
98 492 10
90 336 16
303 405 20
510 329 90
274 683 28
312 21 8
622 258 86
125 373 39
174 470 12
628 448 87
95 678 80
318 250 97
170 683 64
414 227 11
156 645 76
313 505 88
588 459 15
334 669 47
531 295 3
458 14 51
624 48 80
383 511 14
662 118 76
630 210 77
152 33 26
385 7 25
199 104 38
406 71 74
427 564 46
101 552 72
450 282 81
23 620 35
166 547 77
268 404 50
453 389 35
184 251 3
51 669 96
445 568 75
136 323 22
502 640 89
31 221 8
322 471 21
315 49 96
343 541 41
533 15 76
429 541 50
102 103 18
211 272 12
120 451 55
89 324 89
666 544 11
251 94 40
393 623 66
372 195 77
303 204 28
620 497 69
111 87 18
589 124 46
58 455 89
15 492 77
75 419 23
139 107 11
196 499 39
38 229 55
642 330 13
337 219 62
259 302 100
606 630 93
277 340 81
148 357 67
528 96 46
80 133 18
569 192 83
538 89 76
386 510 3
128 552 58
232 449 88
470 51 51
562 361 20
271 178 66
227 85 72
342 662 29
527 37 48
94 79 38
301 627 26
211 163 12
117 301 39
342 18 48
290 560 48
520 457 26
693 201 6
442 602 23
699 532 25
454 670 30
5 358 66
257 39 86
173 230 41
134 162 64
591 542 67
264 623 69
645 461 89
265 11 47
532 481 97
176 477 12
427 317 83
92 151 80
223 279 79
268 676 65
415 366 50
380 467 69
168 156 86
427 242 92
328 176 5
451 477 30
107 575 15
39 459 41
271 156 68
435 567 36
358 145 87
635 249 65
121 388 99
419 564 58
396 423 82
166 138 41
203 171 15
310 665 53
313 382 44
311 578 73
247 83 84
419 247 99
591 333 46
593 383 18
396 441 15
397 618 89
612 223 19
198 424 9
586 602 49
117 519 26
409 349 86
277 3 41
565 302 49
117 251 17
459 148 25
429 119 10
687 526 92
132 136 48
700 61 45
298 519 71
42 25 1
632 491 100
61 52 68
286 2 48
484 437 35
34 189 97
5 329 24
472 295 2
300 234 24
667 3 67
126 101 76
498 418 78
549 132 24
286 95 50
556 440 27
116 273 72
136 595 68
19 33 46
700 475 45
146 433 80
358 15 96
402 457 64
438 447 68
613 13 55
478 135 1
502 167 10
546 246 11
60 532 14
111 365 24
27 338 95
523 139 23
609 332 10
450 121 92
253 151 67
230 219 2
286 506 1
670 46 91
627 546 84
526 425 5
472 479 78
573 467 34
211 23 37
323 346 10
684 612 59
203 165 22
292 291 25
117 568 63
424 689 14
558 272 84
24 476 31
683 16 72
484 554 98
250 322 53
266 232 68
39 97 9
4 208 17
90 562 3
71 424 86
289 474 46
81 394 81
233 651 63
311 46 43
435 159 67
222 530 83
215 379 65
608 12 78
72 288 45
173 691 74
354 26 82
534 618 48
521 542 65
631 348 69
433 51 28
3 382 76
289 547 3
676 364 95
284 368 41
27 37 60
257 225 30
149 376 97
29 243 84
167 486 53
577 235 71
608 49 56
29 400 22
535 545 71
234 684 56
105 420 2
471 499 49
26 195 74
516 300 19
626 524 27
431 568 38
200 20 43
585 457 68
57 456 38
650 520 53
125 196 98
679 567 83
582 260 53
282 225 72
43 531 9
291 412 92
57 352 87
107 336 34
206 322 63
515 464 67
231 527 10
139 574 47
502 576 67
280 649 71
270 394 10
698 573 20
446 413 14
103 538 99
638 480 10
464 214 8
61 573 74
110 690 3
238 146 94
473 392 3
65 213 87
200 13 98
230 210 81
398 642 68
394 522 92
378 309 66
387 670 55
332 54 39
590 151 25
654 285 58
651 159 2
305 74 95
250 312 35
346 486 5
685 3 5
345 399 77
1 593 96
189 451 72
137 320 17
24 371 43
273 603 19
6 352 89
160 528 77
477 254 97
3 134 13
245 563 100
485 475 80
6 133 37
695 674 12
141 391 37
472 65 100
558 458 71
567 541 50
363 572 75
230 407 74
442 133 50
120 145 97
262 479 60
484 455 51
125 60 80
261 43 88
312 120 66
309 458 47
149 634 30
161 265 93
455 88 27
328 199 99
682 574 7
162 62 93
628 265 89
690 581 63
687 245 15
32 284 91
324 532 37
459 239 23
220 124 33
607 605 35
630 85 56
471 682 89
211 352 58
538 587 95
561 460 45
84 278 49
421 274 54
576 64 15
467 579 19
126 655 77
309 512 74
306 4 25
235 491 41
431 32 53
322 318 78
2 326 33
82 623 6
29 686 10
176 213 53
642 29 3
267 540 31
510 89 38
236 503 6
23 372 33
175 139 9
129 201 27
442 635 81
489 366 9
674 623 50
551 210 64
294 693 93
52 281 70
52 409 38
469 28 60
676 281 43
628 596 56
700 26 94
644 330 34
111 415 91
596 183 9
456 440 98
218 106 79
45 154 36
151 68 8
187 248 40
160 681 52
451 606 24
346 216 53
217 105 59
208 131 4
58 328 41
185 408 61
635 371 32
40 30 77
275 677 28
481 210 92
2 146 23
