700
2000
367 66 79
163 208 98
436 364 80
39 256 86
15 592 85
184 372 91
611 325 24
177 418 82
351 234 50
501 655 29
192 421 34
468 143 65
430 316 46
115 299 19
389 579 51
81 211 53
316 209 59
342 647 70
439 6 85
342 90 76
613 342 96
419 442 14
177 498 11
512 116 80
477 560 58
36 626 97
668 60 15
399 483 37
193 465 88
100 544 29
602 99 92
364 335 85
461 585 30
448 261 40
115 380 75
112 651 58
43 224 31
302 428 26
480 603 3
177 284 74
416 109 36
140 169 17
508 467 36
502 49 71
463 650 25
586 328 52
18 16 1
84 374 98
33 260 8
275 490 71
48 361 56
133 560 70
270 11 4
651 235 49
429 125 85
43 188 85
69 345 54
137 142 96
47 669 15
303 150 49
284 303 52
158 467 28
522 313 49
503 636 42
121 558 100
363 341 5
556 364 36
208 450 7
677 355 80
160 131 16
49 57 38
561 265 58
35 600 19
341 529 28
438 168 24
184 196 7
443 334 41
451 406 22
455 386 31
186 530 26
601 236 27
417 156 38
592 143 72
575 14 57
616 470 42
69 528 42
67 180 42
382 407 30
626 69 85
59 260 32
135 44 36
602 398 47
380 280 31
642 272 13
436 448 51
19 204 55
445 164 6
624 596 73
563 91 43
493 618 22
57 297 65
165 384 37
447 144 49
590 178 61
169 142 97
700 85 11
156 583 26
185 328 55
516 242 60
247 62 11
19 115 88
187 485 92
405 240 34
643 364 44
529 277 38
438 349 55
471 623 13
342 145 38
362 131 29
405 653 36
236 500 54
609 163 3
682 576 69
7 264 9
539 164 27
532 622 54
193 194 24
408 35 94
62 364 70
21 242 47
543 605 67
394 475 91
593 618 78
338 559 30
332 614 78
402 612 21
173 31 83
116 477 71
254 569 79
9 511 18
515 364 44
669 679 57
315 462 71
592 232 59
543 114 91
454 435 12
619 614 21
446 140 77
336 275 20
525 629 52
229 628 26
688 523 20
216 633 61
117 386 4
271 667 46
366 380 82
580 338 1
624 256 44
79 122 13
106 438 39
78 382 89
299 449 35
334 466 46
5 278 88
482 674 6
27 581 17
534 545 37
492 566 23
283 500 47
7 504 90
156 364 72
74 342 50
582 283 13
86 376 63
635 602 55
628 56 94
110 90 4
669 268 22
270 253 70
537 336 55
202 39 35
160 393 7
20 64 69
11 180 46
155 193 24
422 314 92
250 497 66
366 196 59
90 83 1
575 507 34
54 579 100
558 535 30
531 45 71
630 284 23
567 673 17
262 103 82
511 445 89
131 519 81
653 402 20
210 122 71
285 590 12
691 146 8
649 351 17
549 425 20
630 441 57
651 525 26
583 176 43
470 397 34
76 250 90
576 211 57
328 463 80
461 350 85
698 564 31
137 475 64
191 139 93
104 71 50
274 439 12
449 614 10
313 508 11
394 662 46
203 297 19
53 643 54
321 504 87
499 479 27
358 581 63
588 77 41
562 595 23
491 499 46
8 679 12
639 81 96
76 561 31
543 681 38
548 273 29
184 486 5
522 57 85
93 561 35
450 294 62
512 548 31
323 193 55
150 503 44
108 669 77
360 481 5
70 227 34
175 258 11
518 7 91
203 617 28
311 451 40
656 373 19
586 294 65
238 549 57
478 54 4
626 169 13
544 322 76
583 40 89
246 39 87
150 290 94
206 515 13
330 267 42
35 649 99
157 116 24
72 285 10
526 366 88
128 514 91
533 477 18
287 54 53
531 532 44
296 555 71
241 602 70
439 316 41
677 228 19
171 21 66
510 118 44
194 623 78
654 265 9
220 99 64
438 547 75
281 47 24
511 238 73
132 654 87
566 40 61
602 427 5
572 19 22
581 627 38
140 642 51
584 116 55
200 40 37
42 177 18
467 611 95
601 347 77
246 543 52
624 585 88
102 351 77
443 502 51
67 55 63
346 437 84
170 76 88
611 619 32
532 48 75
186 266 65
570 569 14
34 290 54
1 470 44
73 354 67
699 663 39
177 320 77
586 159 62
102 252 18
125 235 48
335 320 73
457 353 74
214 469 95
75 506 45
213 542 50
279 667 41
87 74 42
617 542 31
165 120 88
314 340 19
259 480 22
534 196 96
663 697 53
629 267 19
550 677 74
572 278 83
266 589 90
49 541 92
369 342 56
407 127 69
93 234 23
421 97 97
293 679 3
542 54 86
221 553 59
694 313 31
266 395 41
172 27 41
171 402 74
432 3 35
487 442 70
193 489 32
317 292 90
45 580 72
662 390 7
257 224 18
48 111 55
365 574 64
548 205 61
24 290 51
298 221 92
55 247 57
515 83 50
518 189 53
353 584 52
270 145 34
98 393 8
30 408 1
582 2 71
474 648 89
144 681 4
380 636 87
486 141 71
106 506 78
642 309 49
573 165 12
678 640 56
654 394 61
95 64 46
613 570 11
442 680 77
139 494 87
125 356 19
178 638 11
33 426 75
157 7 49
451 336 37
583 437 59
117 75 67
382 540 30
454 699 56
579 427 67
292 91 52
491 508 79
666 590 74
290 230 16
367 26 91
587 297 74
131 251 80
575 112 42
268 80 13
118 52 44
251 192 32
55 621 71
546 517 32
359 108 46
425 444 3
240 671 60
228 149 62
97 670 64
424 500 41
78 246 65
580 316 93
227 294 100
425 603 41
588 376 35
443 169 96
500 164 20
376 515 46
345 422 76
422 206 70
259 276 91
209 564 52
22 282 18
596 587 73
347 518 94
637 458 72
634 126 4
650 433 58
47 99 7
644 424 29
147 201 66
438 291 72
56 85 27
180 575 88
4 385 46
116 99 32
349 314 41
245 397 34
70 65 10
436 682 75
193 228 84
617 659 4
180 338 64
426 293 75
282 248 10
488 312 73
521 366 55
573 333 83
606 633 38
501 324 13
491 218 6
278 311 46
573 455 85
339 674 69
610 515 79
283 491 85
510 77 75
104 143 26
599 479 57
148 180 19
111 489 11
92 399 27
462 304 13
381 650 81
428 658 43
4 89 82
653 23 9
441 218 10
479 274 51
683 56 55
150 407 19
55 512 56
282 506 11
358 604 73
80 193 78
347 200 83
50 477 31
7 534 40
237 116 68
620 144 92
538 696 91
383 564 76
156 84 23
589 464 19
577 129 8
532 328 96
536 221 91
437 638 60
513 167 99
654 193 34
403 514 81
123 386 97
618 1 28
582 388 83
322 234 64
73 458 20
445 582 87
657 471 75
348 390 48
8 207 94
518 594 37
13 577 93
153 407 19
521 53 92
397 502 92
236 479 80
346 527 28
357 380 36
686 322 7
138 272 5
149 76 65
426 323 4
118 667 79
44 235 64
132 217 78
92 28 18
676 340 48
101 203 91
495 394 99
359 664 88
50 72 35
140 100 11
137 425 77
177 540 63
685 514 55
56 74 69
505 45 77
86 667 90
144 562 68
165 322 63
354 164 35
416 477 56
44 490 59
413 614 32
362 221 99
108 528 44
547 3 7
329 391 43
320 255 32
289 162 70
681 642 8
562 243 21
692 602 85
61 84 78
139 283 77
378 203 4
444 459 6
257 209 80
179 203 94
44 161 51
345 659 30
101 551 58
89 320 74
250 525 21
430 437 26
260 146 57
37 556 4
679 413 27
232 263 47
193 339 49
377 451 75
518 365 9
419 131 31
633 438 41
487 692 17
260 548 76
678 9 73
345 445 83
522 364 35
294 476 57
133 340 87
641 446 51
497 173 20
137 11 93
73 237 43
172 232 56
83 417 61
488 647 1
167 285 26
41 333 10
52 165 97
58 169 61
40 31 55
101 21 44
699 496 26
394 84 60
161 247 43
543 457 5
486 320 60
19 494 86
194 576 43
16 608 46
108 697 64
254 78 57
614 636 96
538 510 91
534 298 51
308 443 56
422 532 73
529 157 7
144 548 67
280 159 83
232 353 83
487 415 17
468 532 77
198 496 76
663 485 21
375 313 12
239 527 75
215 671 25
242 4 9
148 276 53
355 636 57
396 19 43
176 463 26
277 477 3
95 106 78
178 551 57
50 504 92
643 250 53
542 491 10
327 600 86
4 359 86
357 610 12
462 256 31
379 235 45
320 392 15
387 475 91
87 50 80
484 55 62
114 591 7
506 354 6
251 497 3
178 302 73
406 356 95
162 54 21
324 267 66
372 570 92
374 498 17
571 580 86
460 277 79
262 348 91
211 388 8
133 101 26
200 175 69
200 63 42
427 608 44
141 369 49
183 313 39
347 142 3
602 49 91
312 557 43
587 342 82
30 10 69
620 506 23
192 111 90
195 230 11
603 646 63
418 328 96
121 675 52
582 117 36
110 385 54
576 596 78
207 426 43
482 116 22
118 400 10
485 655 21
558 249 24
6 381 36
283 315 56
476 93 2
684 21 94
85 596 82
355 685 52
622 465 98
151 13 75
437 381 89
607 519 99
261 655 57
46 114 96
473 420 10
526 344 29
341 350 2
218 252 45
51 352 65
57 227 61
329 542 69
56 362 21
149 347 80
244 263 20
422 606 67
290 594 50
186 472 52
666 429 15
330 614 14
189 332 84
602 483 52
573 454 32
468 169 33
234 316 32
111 433 85
532 17 39
174 469 52
452 562 75
541 600 32
349 334 55
653 568 13
275 447 97
602 121 3
274 197 89
459 578 91
25 250 75
509 575 72
458 248 51
330 302 58
563 605 52
334 2 81
392 67 27
372 275 93
113 298 82
432 108 71
74 698 57
327 384 14
164 487 99
558 563 65
442 191 15
498 269 47
487 58 17
518 614 5
219 650 27
482 248 49
197 84 12
86 445 94
681 683 79
60 435 73
152 546 94
512 356 44
203 233 43
343 530 53
633 382 65
84 175 97
93 477 1
388 606 75
181 438 61
251 655 34
199 602 91
630 647 84
638 111 100
556 195 13
367 658 74
404 676 16
65 277 68
555 645 99
314 252 44
395 236 63
314 106 29
435 472 29
142 639 80
694 545 90
435 481 55
379 91 61
416 556 86
493 674 67
252 617 61
481 121 82
601 62 1
12 52 27
683 516 72
472 364 47
354 159 82
296 616 22
687 533 99
683 550 7
386 330 50
197 686 63
355 568 2
82 618 42
607 674 66
591 525 68
566 98 97
137 450 75
141 475 60
296 484 93
211 667 14
453 694 44
144 216 65
666 332 47
236 699 92
206 230 56
441 464 80
5 562 14
671 197 98
563 62 1
345 275 49
543 515 97
411 353 31
172 254 94
327 320 52
164 610 78
134 645 57
683 160 7
17 568 37
37 575 31
612 501 11
409 670 64
405 225 5
344 278 16
271 58 95
567 498 61
27 612 19
215 263 41
373 640 94
532 92 90
691 263 49
591 498 75
263 561 50
227 291 92
298 687 50
109 556 1
458 611 62
526 531 22
610 315 78
291 483 18
73 250 42
626 145 13
493 347 70
72 127 57
22 148 65
188 77 19
49 209 61
491 511 88
50 292 77
524 199 85
597 474 21
230 190 43
578 622 16
15 467 10
117 180 27
264 569 91
460 416 30
668 487 57
36 205 96
363 529 79
90 561 69
603 552 58
382 176 43
257 361 13
446 457 83
112 268 23
249 641 93
596 618 58
183 530 75
497 274 66
667 6 34
57 634 26
122 229 54
185 243 56
100 262 20
351 394 8
258 628 13
371 586 15
100 26 51
263 511 58
15 189 77
330 480 31
395 688 15
338 4 10
683 184 30
375 418 27
395 233 64
247 302 37
128 154 79
658 488 32
429 345 93
372 162 66
615 323 76
176 414 14
590 506 10
145 56 14
150 697 5
636 377 37
491 262 44
123 199 25
205 364 43
492 584 82
116 56 91
6 627 39
532 480 15
253 287 89
281 206 45
439 121 31
199 541 45
111 243 96
210 419 61
514 648 22
625 478 31
462 580 45
487 111 85
688 595 58
62 288 72
650 321 66
121 533 81
446 645 51
533 379 15
204 331 95
366 574 67
301 78 29
204 388 65
599 669 15
336 306 73
215 240 4
160 679 27
198 518 31
449 161 29
23 426 14
271 254 74
483 384 66
631 307 39
186 129 100
80 670 8
301 700 37
681 321 78
381 184 49
172 433 77
256 129 2
633 274 60
307 572 48
436 677 21
605 438 68
329 502 47
104 383 14
324 494 20
53 290 66
107 40 79
164 435 77
580 509 92
482 338 80
288 188 77
160 567 80
152 244 12
632 302 45
13 82 99
97 135 50
260 115 18
400 646 3
542 327 86
56 528 39
539 35 59
110 241 69
294 136 18
150 15 40
336 356 50
112 595 95
374 468 10
421 117 92
96 183 95
604 173 68
623 22 72
633 461 62
170 479 16
361 85 90
22 115 19
195 626 67
392 57 57
586 480 57
45 23 64
256 454 86
691 32 26
568 498 38
524 22 13
460 635 88
429 257 48
618 393 77
109 537 89
633 75 97
354 317 18
672 626 13
130 428 99
50 191 67
329 387 82
436 657 27
463 626 31
394 428 30
155 461 49
343 355 26
132 463 52
519 692 6
329 99 74
248 13 61
607 95 43
30 661 18
10 480 66
311 402 80
639 453 57
452 25 78
110 228 97
693 319 25
252 231 55
660 452 67
697 206 17
150 233 94
499 659 97
230 578 48
547 670 92
404 652 51
249 547 83
337 29 58
642 488 32
81 57 91
594 502 3
70 638 98
668 439 3
481 694 37
437 91 50
101 256 99
307 485 71
107 295 84
440 420 7
548 697 16
105 92 3
212 409 56
23 185 4
163 273 6
272 589 77
133 298 50
687 74 91
67 134 48
72 585 72
74 461 81
99 299 51
479 90 10
603 54 100
24 650 70
179 168 31
41 650 96
121 579 82
330 196 26
534 38 6
337 87 46
606 651 95
321 109 35
339 228 27
9 452 100
40 63 49
686 6 14
254 686 4
85 463 73
50 64 97
700 180 27
460 253 48
623 92 26
504 362 37
469 287 69
608 379 92
192 606 25
176 273 10
694 679 95
104 465 26
333 646 33
696 192 23
383 393 68
364 330 100
630 223 21
441 116 68
339 75 28
579 85 98
266 548 14
468 162 44
379 68 59
455 378 34
2 159 57
378 180 55
245 33 55
143 50 76
460 554 53
539 177 39
348 183 74
528 358 66
447 334 27
405 657 93
123 513 64
226 558 72
134 388 2
69 680 83
527 154 39
593 249 12
431 544 99
552 590 69
498 91 2
237 583 73
138 247 58
414 447 59
235 230 27
308 127 71
122 670 48
351 455 72
617 560 98
445 189 40
2 86 72
641 332 64
333 240 25
288 281 84
111 681 50
553 471 39
614 579 72
316 419 83
470 180 27
475 476 33
422 428 84
543 5 32
313 573 100
588 31 43
10 71 51
13 173 47
144 508 5
345 235 56
301 102 92
1 53 45
567 324 20
533 61 75
48 618 70
587 534 8
193 502 45
313 162 75
465 146 45
610 105 83
324 88 10
31 624 32
371 253 1
79 86 42
551 22 75
420 294 20
504 670 16
422 222 95
651 289 12
241 477 49
408 264 66
591 412 22
368 551 76
613 672 6
401 634 22
78 543 68
81 133 22
237 70 44
474 700 98
588 108 67
519 325 73
328 144 61
495 510 26
208 313 88
374 169 42
700 298 97
59 671 14
169 619 8
208 197 58
519 445 3
544 235 52
243 516 56
573 689 61
204 286 2
195 276 1
683 180 92
528 637 9
274 680 46
40 408 89
152 609 86
656 420 62
437 452 30
265 148 88
655 437 99
292 55 14
535 616 27
686 377 8
507 8 2
598 405 91
94 607 87
364 574 52
25 120 37
598 650 53
410 371 13
121 323 24
318 678 22
687 635 69
122 438 91
357 21 41
340 240 60
699 596 83
653 267 41
561 377 5
602 362 5
249 357 87
65 606 32
26 579 81
660 239 59
220 351 61
412 98 73
410 583 56
148 484 10
320 163 75
679 461 35
418 528 74
449 365 33
319 52 94
505 510 92
211 101 85
167 459 81
180 427 97
597 581 75
538 545 68
48 569 91
154 235 29
36 131 35
75 179 57
49 478 39
531 156 43
690 651 35
521 462 9
422 23 30
462 115 97
398 241 31
425 196 57
270 503 28
349 338 18
129 302 49
11 351 88
685 333 98
243 201 98
387 11 1
591 86 24
254 430 82
625 3 69
375 333 17
32 344 77
488 29 93
209 465 59
175 286 24
522 586 81
504 58 83
439 251 41
524 38 34
619 346 10
411 278 38
358 497 70
133 448 69
365 397 7
412 364 88
499 170 24
24 32 43
574 108 32
450 46 64
148 692 13
387 157 64
550 435 100
451 545 22
342 541 100
232 42 66
48 682 33
581 263 17
204 248 35
126 530 48
515 57 4
554 100 37
467 196 67
236 153 11
670 146 20
298 383 31
644 117 33
688 285 88
323 282 40
68 552 20
665 247 18
245 14 20
95 372 4
635 12 15
597 201 72
461 79 57
95 516 52
316 284 71
216 560 18
598 349 35
383 643 33
662 145 7
73 100 100
425 499 15
210 293 97
552 128 100
698 627 49
466 210 98
423 168 83
493 635 100
5 344 33
15 583 93
69 440 53
306 432 30
186 116 63
598 337 92
325 431 51
243 76 2
141 178 90
255 187 14
650 50 49
104 436 11
420 650 31
367 104 24
641 664 81
203 461 66
162 114 37
487 397 38
342 85 7
530 671 93
355 316 82
348 117 85
55 33 13
662 213 49
486 488 100
88 676 28
283 8 8
464 566 61
148 326 36
377 340 7
646 67 13
494 186 90
88 167 15
545 580 52
605 251 50
176 655 36
500 28 90
240 359 34
318 226 89
532 31 89
527 136 61
229 165 59
213 428 39
271 586 56
424 140 97
516 269 49
578 553 36
201 681 53
330 435 10
500 552 53
427 305 67
87 251 82
405 528 65
659 379 70
692 251 77
279 327 15
524 502 31
288 474 13
281 440 91
515 509 60
236 217 71
665 465 47
332 116 93
12 409 100
395 276 74
483 632 46
364 605 24
131 614 40
510 242 84
453 79 39
5 163 16
263 158 87
109 480 36
504 207 52
263 257 32
525 201 73
526 655 39
314 32 20
642 328 33
570 198 94
403 220 6
207 333 58
204 129 11
413 337 72
580 330 42
235 185 27
248 450 55
405 697 69
117 115 72
648 8 67
508 420 1
283 343 57
412 35 96
375 271 30
116 419 18
335 693 84
229 255 40
71 534 64
364 317 88
72 646 78
586 325 27
102 553 48
389 548 14
229 135 54
564 82 20
42 429 3
626 386 28
387 206 91
513 609 93
645 511 72
570 642 99
314 115 5
326 193 36
359 556 33
419 436 23
363 3 89
263 121 70
370 220 63
164 110 35
485 348 64
671 400 43
145 91 93
430 416 5
413 629 87
397 685 38
540 66 39
519 439 76
503 378 75
138 168 70
122 368 50
407 504 59
272 212 62
321 51 33
646 377 65
74 384 99
346 508 48
358 60 77
411 322 97
142 677 90
445 271 64
213 609 60
124 467 63
409 452 98
602 588 6
617 492 19
698 255 91
557 696 8
23 322 16
480 411 49
23 170 80
620 436 68
440 368 10
75 79 97
508 532 81
691 334 52
643 374 97
687 577 41
222 116 4
255 26 81
310 676 20
441 317 31
33 75 16
337 500 97
29 463 90
396 525 59
422 386 7
615 676 58
579 518 73
331 354 20
395 200 55
62 24 53
634 562 32
599 15 6
62 488 53
536 93 45
88 694 63
305 270 16
424 39 22
406 188 39
545 391 93
199 259 70
207 567 94
504 531 95
533 467 37
476 67 47
628 16 69
374 39 8
672 410 7
2 647 98
149 153 3
445 111 46
62 349 85
313 610 86
244 368 84
531 519 17
15 461 86
234 197 58
409 68 80
153 373 39
113 184 85
695 106 48
129 152 60
589 484 13
339 624 90
226 145 97
413 40 62
393 403 10
262 665 96
378 668 74
612 574 34
346 104 90
49 661 38
84 224 80
416 215 55
118 627 13
455 640 92
394 412 94
700 81 46
329 210 68
68 218 76
464 194 32
672 340 72
44 675 14
235 39 11
690 232 12
119 111 39
381 420 60
584 580 28
119 437 42
184 414 44
383 242 37
259 577 82
593 195 89
673 513 69
541 625 23
615 471 20
114 31 84
11 554 40
17 694 45
678 192 25
392 311 51
229 457 27
331 261 89
526 9 88
506 171 2
28 367 28
523 170 16
403 238 51
304 586 96
84 648 69
319 671 54
204 97 74
262 113 89
352 252 38
546 461 9
549 581 6
44 160 89
672 173 63
576 147 38
548 158 65
193 334 2
605 486 58
460 533 16
210 684 17
300 612 99
657 536 75
337 468 41
250 685 26
331 20 32
154 269 66
56 245 55
272 671 29
560 579 81
215 206 61
525 627 22
700 544 20
558 284 78
619 310 93
398 246 27
31 495 39
322 228 38
423 144 58
327 478 87
48 465 49
493 373 12
390 658 31
110 119 13
108 290 54
78 300 97
110 132 54
533 280 20
323 365 92
677 28 33
213 205 63
298 577 7
588 570 39
1 322 51
44 56 81
18 637 43
179 371 54
279 13 72
204 553 92
631 336 10
502 117 83
450 150 8
31 233 55
235 427 53
428 97 92
663 37 4
474 196 32
656 282 12
403 387 57
102 577 40
440 1 91
249 133 76
518 557 37
552 304 57
500 671 82
138 164 54
355 539 73
420 130 29
168 556 87
177 260 2
121 7 70
461 111 31
225 4 96
658 409 60
61 577 93
85 202 85
472 506 17
508 686 54
275 507 39
230 412 85
643 489 46
218 536 21
551 533 7
300 133 32
226 81 56
516 653 88
646 611 26
187 700 22
380 53 42
340 614 78
419 355 43
174 556 3
63 110 55
38 660 83
244 108 91
41 588 76
489 124 16
183 182 51
318 640 55
385 265 18
374 441 37
11 19 100
382 467 93
445 36 14
698 668 12
254 97 9
196 681 45
63 146 13
140 13 80
434 654 62
497 502 20
344 485 32
579 78 10
252 418 67
667 697 65
393 199 34
298 184 77
21 343 9
681 445 63
270 106 12
560 442 81
164 217 86
100 630 87
589 97 15
119 250 68
581 428 85
46 252 62
241 687 63
689 409 18
632 555 39
410 272 39
345 108 79
206 307 78
441 305 96
155 256 46
184 609 51
201 136 39
553 597 52
438 495 36
667 615 1
305 32 98
1 460 61
300 343 80
585 120 99
85 247 42
566 114 26
133 414 39
153 203 1
620 375 91
555 95 57
256 524 98
473 649 13
484 522 33
446 39 84
172 445 34
652 490 47
556 481 77
649 33 68
381 692 78
431 204 50
55 675 6
66 77 60
435 166 88
251 234 8
602 589 99
152 338 3
151 287 53
700 508 72
278 406 38
587 555 13
78 552 91
164 341 68
332 30 25
390 561 64
637 322 18
306 116 60
658 595 65
431 488 50
277 345 81
634 52 70
506 431 79
2 417 59
441 343 75
76 146 91
513 555 43
450 170 73
292 221 98
16 626 96
317 634 81
686 113 48
511 385 44
235 632 62
432 342 12
331 338 92
429 28 19
22 256 76
522 677 91
652 324 33
673 339 16
603 208 21
115 136 74
650 226 67
351 106 7
477 291 45
397 344 86
163 590 42
220 176 16
524 140 60
650 645 88
576 358 64
253 454 54
262 40 18
598 352 40
279 382 51
683 551 20
169 457 60
692 399 50
424 214 72
18 426 31
648 627 98
373 286 43
541 612 16
414 43 15
632 140 4
295 605 51
509 556 32
474 377 72
358 118 18
690 19 69
418 74 92
186 112 64
314 685 1
621 664 95
520 405 72
664 36 32
623 188 68
370 624 96
610 426 46
415 69 55
486 674 93
20 67 78
113 71 7
530 268 18
162 582 30
226 262 77
182 567 23
480 471 33
171 13 99
495 521 41
239 128 70
316 350 29
383 165 77
15 104 45
665 680 89
159 262 82
568 1 96
658 256 79
290 399 34
225 238 42
141 10 97
165 668 87
588 166 45
189 154 42
20 491 76
4 293 72
346 184 70
380 697 30
101 657 48
475 368 68
83 343 61
367 605 18
400 688 71
639 273 11
338 515 95
493 355 89
384 9 18
378 85 79
55 545 68
312 31 72
180 280 60
121 26 30
135 405 8
56 664 83
156 24 70
432 254 39
586 274 67
76 337 77
78 215 50
543 618 36
326 649 69
652 514 42
33 683 34
363 271 56
351 42 3
2 654 82
126 140 93
363 616 3
475 661 66
14 438 75
320 514 29
501 696 31
563 72 74
276 695 39
188 407 22
537 593 24
389 592 60
645 690 34
344 615 14
30 698 47
534 378 22
665 92 23
24 591 32
459 585 49
393 148 8
598 580 100
556 388 25
116 233 97
4 625 5
173 591 69
394 136 25
54 583 8
507 466 40
217 108 78
510 356 20
669 616 59
600 489 38
134 318 21
353 263 48
53 445 59
599 415 74
536 318 57
90 291 52
501 115 37
253 626 87
398 460 27
289 539 91
60 607 32
597 176 52
306 421 46
57 483 93
249 21 91
329 543 32
501 465 40
124 255 50
370 435 14
211 34 24
349 462 81
275 656 29
587 343 7
700 437 91
667 627 5
352 418 33
380 151 55
605 343 65
431 606 43
473 46 81
616 28 46
86 62 33
340 157 92
200 510 97
625 399 37
462 319 77
414 253 23
48 135 33
153 41 29
686 656 41
257 329 26
613 610 77
17 571 25
360 138 32
502 53 87
329 388 57
684 467 64
565 248 98
436 124 72
478 691 53
11 594 27
559 683 89
657 136 44
537 361 24
322 521 97
548 137 85
650 508 70
543 465 5
514 287 71
468 383 44
498 321 10
124 16 5
282 366 95
651 520 3
504 87 29
641 262 24
332 394 23
87 468 86
263 71 5
374 30 42
294 697 99
589 535 74
187 590 8
150 284 58
570 656 22
54 582 55
468 440 11
518 552 28
160 630 89
515 142 88
507 456 18
390 531 80
268 529 60
411 199 22
162 496 30
155 459 85
623 391 24
501 658 17
285 158 96
189 577 77
271 117 66
360 663 33
480 258 75
235 78 42
304 331 18
332 557 70
354 186 80
471 408 41
81 506 51
242 234 67
27 393 80
149 424 11
626 220 92
533 4 27
349 416 72
275 22 1
206 39 23
218 200 16
204 560 76
246 640 66
619 170 88
314 238 45
54 458 5
435 468 21
460 178 51
448 489 28
580 29 95
284 679 96
501 650 70
415 59 8
661 193 19
29 540 60
541 577 71
476 212 64
685 425 70
36 449 89
504 536 60
611 505 33
535 461 3
227 553 20
76 479 69
313 646 2
65 33 3
376 198 97
141 642 50
6 370 66
201 157 65
300 196 64
277 67 16
256 200 50
571 261 62
398 227 71
