700
2000
232 231 24
76 77 24
591 590 24
537 539 49
674 671 74
660 658 49
506 503 74
522 520 49
409 406 74
326 324 49
413 412 24
359 360 24
648 645 74
690 691 24
224 223 24
258 260 49
60 57 74
649 647 49
674 672 49
466 465 24
371 372 24
454 451 74
444 445 24
398 400 49
40 43 74
623 625 49
456 459 74
358 360 49
498 499 24
342 340 49
247 250 74
625 622 74
594 597 74
18 15 74
9 10 24
325 326 24
694 695 24
617 619 49
403 404 24
342 343 24
497 496 24
429 427 49
336 333 74
196 197 24
291 288 74
144 142 49
202 199 74
194 197 74
211 214 74
282 284 49
128 126 49
682 685 74
138 139 24
315 313 49
323 322 24
79 77 49
268 271 74
683 681 49
644 643 24
563 566 74
652 653 24
629 631 49
270 269 24
103 105 49
414 412 49
533 532 24
396 397 24
516 515 24
535 537 49
576 573 74
186 184 49
639 640 24
700 697 74
247 246 24
584 583 24
83 81 49
320 317 74
649 651 49
525 523 49
196 194 49
616 613 74
475 476 24
248 249 24
277 274 74
428 427 24
73 72 24
422 419 74
233 235 49
198 195 74
495 493 49
383 385 49
309 311 49
6 9 74
654 657 74
686 687 24
490 493 74
295 297 49
596 599 74
633 630 74
569 570 24
364 362 49
496 494 49
482 480 49
414 416 49
73 70 74
383 384 24
415 416 24
323 324 24
215 213 49
244 247 74
565 563 49
512 515 74
391 394 74
419 418 24
206 209 74
692 691 24
643 642 24
430 429 24
509 512 74
95 92 74
637 639 49
9 8 24
635 632 74
68 70 49
100 97 74
36 39 74
234 237 74
685 684 24
331 330 24
47 44 74
9 12 74
212 215 74
285 284 24
2 3 24
452 454 49
19 21 49
179 177 49
225 223 49
490 489 24
179 176 74
268 267 24
378 381 74
345 342 74
491 489 49
130 128 49
324 321 74
22 21 24
232 230 49
344 343 24
127 125 49
237 240 74
61 60 24
15 13 49
511 514 74
250 253 74
231 230 24
85 88 74
94 93 24
190 189 24
389 388 24
662 660 49
332 334 49
484 486 49
157 156 24
388 387 24
602 600 49
293 294 24
303 304 24
272 273 24
431 430 24
651 653 49
574 575 24
131 134 74
498 500 49
36 34 49
54 56 49
337 339 49
276 277 24
551 550 24
316 313 74
690 689 24
620 622 49
485 482 74
171 173 49
520 519 24
437 440 74
16 17 24
185 182 74
43 44 24
537 534 74
631 628 74
656 655 24
283 284 24
399 397 49
504 503 24
157 154 74
518 515 74
582 585 74
375 378 74
254 256 49
452 450 49
603 606 74
139 142 74
263 260 74
339 340 24
293 292 24
530 529 24
544 541 74
491 492 24
118 121 74
572 570 49
87 85 49
257 255 49
504 501 74
223 226 74
167 164 74
5 8 74
416 419 74
309 310 24
464 467 74
259 262 74
274 276 49
67 66 24
279 280 24
542 545 74
154 153 24
373 371 49
170 167 74
599 597 49
562 560 49
212 214 49
517 520 74
96 94 49
165 166 24
321 319 49
620 623 74
672 675 74
280 278 49
548 546 49
636 638 49
59 60 24
85 84 24
483 480 74
587 586 24
12 14 49
650 648 49
202 203 24
33 34 24
681 678 74
81 79 49
243 245 49
490 488 49
189 192 74
296 297 24
370 368 49
509 506 74
489 492 74
7 8 24
154 152 49
486 487 24
346 345 24
198 197 24
120 119 24
55 56 24
537 538 24
304 307 74
66 69 74
302 304 49
187 188 24
245 244 24
567 564 74
84 86 49
188 186 49
479 481 49
578 576 49
376 377 24
24 25 24
71 73 49
562 559 74
335 336 24
348 350 49
193 192 24
153 155 49
508 509 24
534 536 49
40 38 49
564 565 24
591 592 24
161 164 74
510 509 24
251 253 49
175 174 24
169 168 24
378 379 24
278 276 49
467 468 24
173 170 74
594 595 24
277 275 49
666 664 49
130 132 49
647 645 49
111 112 24
13 10 74
122 120 49
609 606 74
680 681 24
175 173 49
49 47 49
47 45 49
489 487 49
550 547 74
257 256 24
310 312 49
402 401 24
382 384 49
592 589 74
406 404 49
620 618 49
588 585 74
637 638 24
508 511 74
342 344 49
168 166 49
379 376 74
183 180 74
390 388 49
199 198 24
628 627 24
564 562 49
159 160 24
116 119 74
238 235 74
608 605 74
612 615 74
255 254 24
158 159 24
251 249 49
338 340 49
171 174 74
96 93 74
646 648 49
25 26 24
116 118 49
648 647 24
303 300 74
635 638 74
33 31 49
56 57 24
478 476 49
530 528 49
523 526 74
346 347 24
612 611 24
362 365 74
111 110 24
123 122 24
574 576 49
348 347 24
167 165 49
600 599 24
626 623 74
460 462 49
378 380 49
483 484 24
669 667 49
21 20 24
142 145 74
601 599 49
80 79 24
307 305 49
367 364 74
68 66 49
439 436 74
298 301 74
192 191 24
605 604 24
265 264 24
117 119 49
163 166 74
445 447 49
114 117 74
422 423 24
391 392 24
296 299 74
64 62 49
482 483 24
261 260 24
377 378 24
138 135 74
645 642 74
314 317 74
579 577 49
139 141 49
523 521 49
139 140 24
291 294 74
356 353 74
669 666 74
492 495 74
405 404 24
178 179 24
122 119 74
51 52 24
22 24 49
160 162 49
279 277 49
117 120 74
538 536 49
330 332 49
70 71 24
340 343 74
114 113 24
266 264 49
92 90 49
50 48 49
637 634 74
186 183 74
86 87 24
380 381 24
512 511 24
426 428 49
674 673 24
357 355 49
206 204 49
537 536 24
666 665 24
152 153 24
193 194 24
475 474 24
20 18 49
275 278 74
603 600 74
497 495 49
450 447 74
258 257 24
478 479 24
365 364 24
29 26 74
424 422 49
188 185 74
695 692 74
64 66 49
216 213 74
45 44 24
633 636 74
559 561 49
382 379 74
75 78 74
557 554 74
663 661 49
517 516 24
339 338 24
492 494 49
305 304 24
525 527 49
358 355 74
652 651 24
31 29 49
499 502 74
469 472 74
344 346 49
164 166 49
395 394 24
250 248 49
329 331 49
326 328 49
454 453 24
6 3 74
442 440 49
311 312 24
479 482 74
615 618 74
22 23 24
74 76 49
107 104 74
545 547 49
14 16 49
197 199 49
251 250 24
693 695 49
65 64 24
212 210 49
435 436 24
33 32 24
272 274 49
308 305 74
287 284 74
596 595 24
548 547 24
107 108 24
132 131 24
386 387 24
663 662 24
623 622 24
377 380 74
96 95 24
426 427 24
461 460 24
518 520 49
561 562 24
699 700 24
324 322 49
34 32 49
161 159 49
48 49 24
612 610 49
351 352 24
32 29 74
117 118 24
223 221 49
528 529 24
68 65 74
332 331 24
673 672 24
583 582 24
8 6 49
125 126 24
116 113 74
383 380 74
39 41 49
295 293 49
429 428 24
444 442 49
671 670 24
79 78 24
434 432 49
41 40 24
505 508 74
222 219 74
7 9 49
450 451 24
561 560 24
459 457 49
220 218 49
130 131 24
243 242 24
203 205 49
355 353 49
459 461 49
312 314 49
572 571 24
525 528 74
535 534 24
35 36 24
503 505 49
286 285 24
34 31 74
483 485 49
529 531 49
690 688 49
69 70 24
506 505 24
539 540 24
319 320 24
392 395 74
635 634 24
413 416 74
308 309 24
624 622 49
678 679 24
271 270 24
556 557 24
393 391 49
598 595 74
191 189 49
607 609 49
352 353 24
131 129 49
180 177 74
698 695 74
121 124 74
195 193 49
217 218 24
155 158 74
369 370 24
546 544 49
498 496 49
289 288 24
580 579 24
532 530 49
438 439 24
400 397 74
595 592 74
449 448 24
527 528 24
542 540 49
359 358 24
105 102 74
201 199 49
317 318 24
323 320 74
598 600 49
82 83 24
156 159 74
287 286 24
52 54 49
634 632 49
220 219 24
472 471 24
72 69 74
297 298 24
645 643 49
292 291 24
347 350 74
354 353 24
203 204 24
240 238 49
63 61 49
481 483 49
409 412 74
16 18 49
494 491 74
549 552 74
532 531 24
498 501 74
534 533 24
217 215 49
266 263 74
386 385 24
85 86 24
63 65 49
291 289 49
53 56 74
23 25 49
336 334 49
604 607 74
128 131 74
24 23 24
572 575 74
114 115 24
499 497 49
382 383 24
593 595 49
127 126 24
311 308 74
270 267 74
201 200 24
350 349 24
685 688 74
8 10 49
572 573 24
218 219 24
189 188 24
578 579 24
389 386 74
228 227 24
454 455 24
10 11 24
512 513 24
396 399 74
661 660 24
616 614 49
636 637 24
354 355 24
598 597 24
646 649 74
96 97 24
51 48 74
336 337 24
496 495 24
643 640 74
63 64 24
682 679 74
59 58 24
278 279 24
46 44 49
622 621 24
543 544 24
208 210 49
662 661 24
114 111 74
582 580 49
99 96 74
611 609 49
608 610 49
465 463 49
38 37 24
503 500 74
146 148 49
361 358 74
84 83 24
585 587 49
203 201 49
567 568 24
203 206 74
193 191 49
368 367 24
626 624 49
425 422 74
443 444 24
482 481 24
656 657 24
51 49 49
696 695 24
340 341 24
563 560 74
47 48 24
105 106 24
518 516 49
84 82 49
329 330 24
190 191 24
268 270 49
688 686 49
314 313 24
16 15 24
150 149 24
495 498 74
697 699 49
308 307 24
183 181 49
290 292 49
291 290 24
458 461 74
546 547 24
108 106 49
358 357 24
166 167 24
41 42 24
594 593 24
321 323 49
84 87 74
412 415 74
342 341 24
249 246 74
3 5 49
469 467 49
151 153 49
317 319 49
101 99 49
504 506 49
288 285 74
584 585 24
298 295 74
561 563 49
526 529 74
440 443 74
504 507 74
496 493 74
630 629 24
334 337 74
355 356 24
570 571 24
287 290 74
243 244 24
620 621 24
484 481 74
187 189 49
592 594 49
433 431 49
36 37 24
629 628 24
500 502 49
195 192 74
180 182 49
11 9 49
196 195 24
456 453 74
92 93 24
183 185 49
412 410 49
586 588 49
35 33 49
697 695 49
306 308 49
633 631 49
625 628 74
17 15 49
143 140 74
382 381 24
225 224 24
639 638 24
233 232 24
10 12 49
229 232 74
493 494 24
77 74 74
470 469 24
129 126 74
468 470 49
558 561 74
385 384 24
467 470 74
515 517 49
281 284 74
224 221 74
629 627 49
540 541 24
77 75 49
325 322 74
542 539 74
682 684 49
352 350 49
397 394 74
145 147 49
56 58 49
157 155 49
26 24 49
80 82 49
544 542 49
343 341 49
300 302 49
505 504 24
430 432 49
627 625 49
238 237 24
297 299 49
104 105 24
91 90 24
97 94 74
345 347 49
225 227 49
301 299 49
230 227 74
394 393 24
561 564 74
143 141 49
58 60 49
35 38 74
225 228 74
155 156 24
78 77 24
190 188 49
368 369 24
147 149 49
668 666 49
642 644 49
215 216 24
439 440 24
230 233 74
144 145 24
354 351 74
74 71 74
614 613 24
462 461 24
71 72 24
574 572 49
606 608 49
457 455 49
683 682 24
307 306 24
144 143 24
698 697 24
692 693 24
473 476 74
263 265 49
484 482 49
200 199 24
17 20 74
375 376 24
146 147 24
395 398 74
46 49 74
602 605 74
667 665 49
316 315 24
237 239 49
367 370 74
234 233 24
607 606 24
134 132 49
349 347 49
662 659 74
619 616 74
571 569 49
179 181 49
538 535 74
632 633 24
330 328 49
545 543 49
441 440 24
360 361 24
672 671 24
37 35 49
15 12 74
657 658 24
89 86 74
275 276 24
174 176 49
313 312 24
38 41 74
191 188 74
403 400 74
128 129 24
95 94 24
456 457 24
493 491 49
391 390 24
559 558 24
581 578 74
306 304 49
596 594 49
118 115 74
21 24 74
447 446 24
455 456 24
397 398 24
435 437 49
90 93 74
688 687 24
550 552 49
642 639 74
20 22 49
583 586 74
452 453 24
485 484 24
471 470 24
11 14 74
563 562 24
162 163 24
551 554 74
244 246 49
258 259 24
243 241 49
75 76 24
558 556 49
179 180 24
248 245 74
377 379 49
420 418 49
408 410 49
289 292 74
552 553 24
396 395 24
43 42 24
12 13 24
196 198 49
177 174 74
134 136 49
121 122 24
333 334 24
592 593 24
143 142 24
76 79 74
645 644 24
116 115 24
405 406 24
525 524 24
41 43 49
630 628 49
85 82 74
272 275 74
401 404 74
262 263 24
99 102 74
152 149 74
168 167 24
189 186 74
486 485 24
324 325 24
103 102 24
98 101 74
271 273 49
670 669 24
11 8 74
110 112 49
677 676 24
270 272 49
144 146 49
145 143 49
133 131 49
124 125 24
341 338 74
55 52 74
413 414 24
437 434 74
677 680 74
469 466 74
88 86 49
248 251 74
153 150 74
474 477 74
405 403 49
105 108 74
262 265 74
253 256 74
195 197 49
676 679 74
295 294 24
675 673 49
587 588 24
360 362 49
438 435 74
14 13 24
417 414 74
223 220 74
302 303 24
316 314 49
325 328 74
627 624 74
436 437 24
570 568 49
187 190 74
617 615 49
581 584 74
200 198 49
606 604 49
54 55 24
54 53 24
417 420 74
372 374 49
596 598 49
176 178 49
128 125 74
656 654 49
665 663 49
123 121 49
576 579 74
655 652 74
137 138 24
204 205 24
68 71 74
30 33 74
108 109 24
78 76 49
564 566 49
464 461 74
387 385 49
220 222 49
637 635 49
51 50 24
629 632 74
286 289 74
289 287 49
47 50 74
679 681 49
143 146 74
414 411 74
477 475 49
579 582 74
399 398 24
246 245 24
162 164 49
659 661 49
261 259 49
488 489 24
571 568 74
29 27 49
452 451 24
58 57 24
653 654 24
487 488 24
681 682 24
630 631 24
656 653 74
359 361 49
368 366 49
133 134 24
220 217 74
410 407 74
129 132 74
266 269 74
527 530 74
373 374 24
404 407 74
618 617 24
559 560 24
89 92 74
310 308 49
376 378 49
202 201 24
443 446 74
296 294 49
471 469 49
343 346 74
363 364 24
513 511 49
418 416 49
240 241 24
271 269 49
17 18 24
589 586 74
442 441 24
244 241 74
51 54 74
393 392 24
504 502 49
6 5 24
674 677 74
171 169 49
135 136 24
609 610 24
269 272 74
501 499 49
266 267 24
501 503 49
138 140 49
682 680 49
356 357 24
676 674 49
522 524 49
429 431 49
206 208 49
31 30 24
372 375 74
114 116 49
115 117 49
638 640 49
481 480 24
301 300 24
61 62 24
564 563 24
295 292 74
380 382 49
235 237 49
652 654 49
580 578 49
233 231 49
432 429 74
325 327 49
112 114 49
197 200 74
247 248 24
403 401 49
126 123 74
635 633 49
40 39 24
373 375 49
64 61 74
228 231 74
253 255 49
30 32 49
406 403 74
387 390 74
40 37 74
390 393 74
346 348 49
244 242 49
550 553 74
402 403 24
289 290 24
411 413 49
557 560 74
190 193 74
305 303 49
144 147 74
439 442 74
602 604 49
185 184 24
317 315 49
311 310 24
697 694 74
192 190 49
568 565 74
600 601 24
229 227 49
96 98 49
350 351 24
281 282 24
207 205 49
339 336 74
416 417 24
213 212 24
459 460 24
371 369 49
396 393 74
30 29 24
103 101 49
361 363 49
218 215 74
329 332 74
296 293 74
112 109 74
465 464 24
135 137 49
439 441 49
49 50 24
165 163 49
658 655 74
145 146 24
336 338 49
455 458 74
270 273 74
158 157 24
407 408 24
4 5 24
212 211 24
106 104 49
609 612 74
660 657 74
600 597 74
157 160 74
398 396 49
122 124 49
152 150 49
659 657 49
540 538 49
332 335 74
566 569 74
326 329 74
434 433 24
468 466 49
390 389 24
65 66 24
490 492 49
300 297 74
210 213 74
532 534 49
692 694 49
375 377 49
321 318 74
534 531 74
271 272 24
2 5 74
13 11 49
590 593 74
316 319 74
288 287 24
135 133 49
575 578 74
340 337 74
134 135 24
567 570 74
554 552 49
523 524 24
191 194 74
566 568 49
46 47 24
178 180 49
288 286 49
650 652 49
573 574 24
172 169 74
137 140 74
87 88 24
74 72 49
460 458 49
465 467 49
678 675 74
479 480 24
265 268 74
392 394 49
305 302 74
209 208 24
273 275 49
569 572 74
445 443 49
365 366 24
345 348 74
510 508 49
365 363 49
248 246 49
292 294 49
163 160 74
428 430 49
323 326 74
224 227 74
172 174 49
402 399 74
411 412 24
182 181 24
93 95 49
325 323 49
526 528 49
381 379 49
478 475 74
158 156 49
137 136 24
642 640 49
551 549 49
216 214 49
427 424 74
649 648 24
236 234 49
207 210 74
688 689 24
471 473 49
636 635 24
152 151 24
641 642 24
478 480 49
363 360 74
228 230 49
577 576 24
214 215 24
62 65 74
178 177 24
644 646 49
474 472 49
700 698 49
7 5 49
456 458 49
580 581 24
88 90 49
698 699 24
22 19 74
539 541 49
451 453 49
231 234 74
625 626 24
442 443 24
281 283 49
175 172 74
334 335 24
58 61 74
449 446 74
324 327 74
107 110 74
108 110 49
161 160 24
365 367 49
558 560 49
231 229 49
493 492 24
458 459 24
513 515 49
566 565 24
89 90 24
359 362 74
647 644 74
619 622 74
486 488 49
306 305 24
639 641 49
87 90 74
507 509 49
147 150 74
3 1 49
607 608 24
187 185 49
6 7 24
408 406 49
259 256 74
664 662 49
133 130 74
220 221 24
331 333 49
505 507 49
106 109 74
328 327 24
301 302 24
161 163 49
181 184 74
236 233 74
239 242 74
129 127 49
458 457 24
389 392 74
401 399 49
512 510 49
34 37 74
455 452 74
454 457 74
240 242 49
310 307 74
4 6 49
337 335 49
469 468 24
431 432 24
113 111 49
256 258 49
165 168 74
146 149 74
555 556 24
621 623 49
235 236 24
137 139 49
60 63 74
100 99 24
88 89 24
402 404 49
36 33 74
399 400 24
109 107 49
533 536 74
473 475 49
449 452 74
184 182 49
7 4 74
93 91 49
533 535 49
460 457 74
636 639 74
26 27 24
536 539 74
88 91 74
599 598 24
216 218 49
573 575 49
529 527 49
13 16 74
447 448 24
631 634 74
484 487 74
549 547 49
685 683 49
543 540 74
198 201 74
268 269 24
667 666 24
53 52 24
122 125 74
136 138 49
389 387 49
362 363 24
264 267 74
614 615 24
462 465 74
108 111 74
81 82 24
464 463 24
344 345 24
424 423 24
556 559 74
261 258 74
140 141 24
433 435 49
290 288 49
118 120 49
330 327 74
653 655 49
449 447 49
691 693 49
254 253 24
636 634 49
351 348 74
423 425 49
278 277 24
386 384 49
239 238 24
337 338 24
43 46 74
575 577 49
87 89 49
335 333 49
494 495 24
51 53 49
169 170 24
48 46 49
73 76 74
74 73 24
528 531 74
664 663 24
298 300 49
410 413 74
109 111 49
39 38 24
204 202 49
80 77 74
284 286 49
95 98 74
400 401 24
631 632 24
555 554 24
432 433 24
208 211 74
149 151 49
629 626 74
94 91 74
446 444 49
234 232 49
81 78 74
236 238 49
321 322 24
367 366 24
175 176 24
202 200 49
113 115 49
107 106 24
511 510 24
543 541 49
689 691 49
315 318 74
357 354 74
425 424 24
519 517 49
632 630 49
141 142 24
333 332 24
4 1 74
257 259 49
414 415 24
222 224 49
474 473 24
437 438 24
501 500 24
239 236 74
208 205 74
443 441 49
216 217 24
261 262 24
650 647 74
228 229 24
582 584 49
45 42 74
436 438 49
222 225 74
251 254 74
438 440 49
110 113 74
655 657 49
621 619 49
680 679 24
219 221 49
34 35 24
291 293 49
589 591 49
691 694 74
97 95 49
667 670 74
185 186 24
202 205 74
327 329 49
221 222 24
605 607 49
69 68 24
173 172 24
31 32 24
406 407 24
274 275 24
525 526 24
626 628 49
568 569 24
26 28 49
298 299 24
421 424 74
39 37 49
433 430 74
140 142 49
318 319 24
471 468 74
62 63 24
83 85 49
510 507 74
615 616 24
684 683 24
375 374 24
433 436 74
226 225 24
74 75 24
641 640 24
148 147 24
417 415 49
92 94 49
196 199 74
651 650 24
409 407 49
100 98 49
369 367 49
207 206 24
261 264 74
679 677 49
625 624 24
38 36 49
27 28 24
565 562 74
670 668 49
290 293 74
168 171 74
580 577 74
301 303 49
584 587 74
177 176 24
320 322 49
326 327 24
409 411 49
105 107 49
673 671 49
120 123 74
620 617 74
545 548 74
12 11 24
425 427 49
19 16 74
545 546 24
566 567 24
229 230 24
476 474 49
331 328 74
4 2 49
376 374 49
210 209 24
18 19 24
506 507 24
89 91 49
524 521 74
643 641 49
420 421 24
260 262 49
394 396 49
192 194 49
137 134 74
530 531 24
587 590 74
59 57 49
56 59 74
124 123 24
585 583 49
170 171 24
223 222 24
419 417 49
72 75 74
476 477 24
549 548 24
464 466 49
626 627 24
100 102 49
553 556 74
684 686 49
341 339 49
675 674 24
25 22 74
678 676 49
237 236 24
609 608 24
474 471 74
125 123 49
66 63 74
353 351 49
693 694 24
548 550 49
583 580 74
267 265 49
582 581 24
311 314 74
362 361 24
592 590 49
523 522 24
148 150 49
311 313 49
675 676 24
75 73 49
486 483 74
601 603 49
238 241 74
170 168 49
298 296 49
28 29 24
81 80 24
235 232 74
255 256 24
70 72 49
161 158 74
552 555 74
383 381 49
478 477 24
158 160 49
373 372 24
511 509 49
180 181 24
634 633 24
584 586 49
295 296 24
415 418 74
598 601 74
461 463 49
303 306 74
407 405 49
612 613 24
672 669 74
319 322 74
255 258 74
462 463 24
342 339 74
184 183 24
352 354 49
408 409 24
691 688 74
675 677 49
574 571 74
686 685 24
127 128 24
283 285 49
662 665 74
351 349 49
588 591 74
603 604 24
264 263 24
261 263 49
83 80 74
39 42 74
620 619 24
465 468 74
641 638 74
148 145 74
200 203 74
175 177 49
299 300 24
486 489 74
132 133 24
350 353 74
434 436 49
685 687 49
591 593 49
554 553 24
470 473 74
312 315 74
507 508 24
356 354 49
136 139 74
514 513 24
518 517 24
264 262 49
151 154 74
208 207 24
557 559 49
32 35 74
179 182 74
167 169 49
445 442 74
159 157 49
455 453 49
464 462 49
282 280 49
217 219 49
521 520 24
320 318 49
67 69 49
454 456 49
541 538 74
150 151 24
329 328 24
24 27 74
581 583 49
165 164 24
3 4 24
518 519 24
555 553 49
470 472 49
420 422 49
466 467 24
159 162 74
663 666 74
228 226 49
596 593 74
549 550 24
411 410 24
587 589 49
82 79 74
266 268 49
80 78 49
379 380 24
603 602 24
419 420 24
214 213 24
696 697 24
245 247 49
498 497 24
103 104 24
209 212 74
20 19 24
515 514 24
543 542 24
415 413 49
611 613 49
517 514 74
388 385 74
207 204 74
689 692 74
538 539 24
446 445 24
101 100 24
25 27 49
274 273 24
171 172 24
178 175 74
45 46 24
372 370 49
242 245 74
696 694 49
67 70 74
670 673 74
586 585 24
672 670 49
446 448 49
479 476 74
664 667 74
400 402 49
172 170 49
671 669 49
357 360 74
97 98 24
536 535 24
613 610 74
611 610 24
667 668 24
389 391 49
343 345 49
14 15 24
491 490 24
141 138 74
435 434 24
213 211 49
240 239 24
348 349 24
249 250 24
239 241 49
658 659 24
671 668 74
525 522 74
531 533 49
615 613 49
665 668 74
155 154 24
121 119 49
597 596 24
558 557 24
487 485 49
684 681 74
68 67 24
126 124 49
271 274 74
595 597 49
118 119 24
426 429 74
55 57 49
527 526 24
678 680 49
421 419 49
23 20 74
472 473 24
205 206 24
99 97 49
28 30 49
121 120 24
346 349 74
502 501 24
211 210 24
557 555 49
445 448 74
608 611 74
462 459 74
182 183 24
115 112 74
616 618 49
259 260 24
276 273 74
17 19 49
254 252 49
269 267 49
502 503 24
449 451 49
569 567 49
527 524 74
575 576 24
591 594 74
59 62 74
589 590 24
686 683 74
369 372 74
553 551 49
663 660 74
541 542 24
692 690 49
356 358 49
370 371 24
31 28 74
518 521 74
60 62 49
304 301 74
23 21 49
53 55 49
601 602 24
449 450 24
316 318 49
605 606 24
654 655 24
649 650 24
361 364 74
665 664 24
283 282 24
156 154 49
431 428 74
421 423 49
627 630 74
624 623 24
227 226 24
187 186 24
435 432 74
286 283 74
253 252 24
103 100 74
488 485 74
374 377 74
589 588 24
524 526 49
418 417 24
546 549 74
567 565 49
479 477 49
127 130 74
99 98 24
42 40 49
21 18 74
426 423 74
320 321 24
279 281 49
368 365 74
376 373 74
405 402 74
204 201 74
450 448 49
475 472 74
335 338 74
654 651 74
554 556 49
14 17 74
573 571 49
693 696 74
605 603 49
45 43 49
347 344 74
689 687 49
696 699 74
173 174 24
512 514 49
421 422 24
668 669 24
69 71 49
698 696 49
410 409 24
425 426 24
50 52 49
647 646 24
149 148 24
481 478 74
162 161 24
683 680 74
113 112 24
163 164 24
514 516 49
1 2 24
44 41 74
619 618 24
67 65 49
59 61 49
487 490 74
58 55 74
388 386 49
234 235 24
104 101 74
426 424 49
341 344 74
117 116 24
211 209 49
388 391 74
544 545 24
86 83 74
307 309 49
371 374 74
249 252 74
395 393 49
425 428 74
551 552 24
523 520 74
678 677 24
314 315 24
226 224 49
658 656 49
129 130 24
522 521 24
316 317 24
252 251 24
687 684 74
588 590 49
513 516 74
508 506 49
255 252 74
257 254 74
439 437 49
570 573 74
252 250 49
516 519 74
581 579 49
602 599 74
195 194 24
287 285 49
357 359 49
249 247 49
460 463 74
521 519 49
397 395 49
241 242 24
612 614 49
690 687 74
102 101 24
646 643 74
418 421 74
614 611 74
42 44 49
104 102 49
109 110 24
660 659 24
441 438 74
664 661 74
646 645 24
499 500 24
49 52 74
133 136 74
617 616 24
92 91 24
364 366 49
577 578 24
219 216 74
207 209 49
444 447 74
280 281 24
265 266 24
392 390 49
