700
2000
619 607 14
68 100 78
602 619 2
156 174 11
248 234 47
418 402 78
606 628 18
415 406 90
208 205 22
154 169 20
647 620 39
375 387 77
630 637 78
336 349 9
537 510 65
198 189 60
30 47 57
110 134 76
311 313 52
162 163 68
313 321 38
680 696 8
297 291 60
130 107 77
654 681 47
668 651 28
633 618 56
625 648 6
123 122 24
602 608 8
65 59 78
286 255 81
61 96 79
45 10 56
454 495 85
37 5 18
63 93 79
116 118 67
447 442 87
240 207 97
670 656 90
443 406 46
410 420 69
374 364 3
691 660 84
41 20 33
151 171 51
184 155 9
81 94 97
632 644 4
499 493 30
289 274 7
298 259 72
681 683 56
281 269 52
157 175 43
213 220 50
173 169 82
262 276 41
669 688 94
185 173 42
491 470 21
35 19 53
613 611 28
670 662 70
54 78 7
73 99 69
263 274 100
104 105 24
28 18 88
290 271 43
385 352 88
226 232 97
359 366 7
44 49 49
612 649 33
187 195 52
410 427 91
49 10 68
360 388 30
298 297 61
7 21 23
695 694 83
228 203 57
617 647 76
182 194 41
134 116 31
14 7 42
597 563 39
457 468 23
436 442 77
316 310 7
363 390 100
36 24 35
507 528 25
100 69 7
419 436 82
173 151 7
429 424 92
640 633 45
670 680 77
343 311 70
513 520 48
227 225 66
203 204 82
437 441 44
426 419 74
518 507 87
335 325 46
485 500 78
62 59 21
158 159 21
242 230 56
285 277 74
319 321 16
359 390 70
596 554 23
486 466 61
63 69 62
48 26 89
533 545 23
56 64 25
124 127 66
138 126 71
412 423 84
609 606 30
289 300 40
583 574 16
419 445 74
584 553 53
242 232 91
385 375 75
65 58 15
101 107 99
26 33 62
370 399 64
81 79 70
679 653 39
622 648 8
361 364 31
461 465 97
501 506 87
559 553 50
480 472 4
431 405 36
201 284 93
87 63 79
538 539 63
614 639 86
143 121 80
549 455 95
433 417 56
456 491 100
487 489 24
543 524 18
80 61 93
88 77 88
509 524 51
178 170 47
446 431 79
373 400 59
275 256 18
271 291 11
453 490 69
410 416 52
600 597 32
549 515 51
110 103 64
678 667 82
108 140 33
466 470 64
379 392 89
243 204 4
683 700 29
385 379 5
659 663 93
474 470 46
549 535 95
571 558 20
604 619 99
154 166 28
434 402 11
672 651 64
417 418 56
177 152 43
254 295 63
431 433 95
263 266 56
625 603 16
502 547 3
174 155 100
672 681 93
191 161 91
251 294 90
29 20 4
165 176 9
293 283 78
1 22 72
289 299 87
421 423 55
697 681 77
250 245 85
103 114 56
314 345 3
606 612 12
630 635 69
207 234 4
697 657 4
524 531 84
174 153 22
180 155 61
84 88 64
4 28 98
524 527 56
347 345 62
32 50 69
60 74 51
426 447 50
149 141 78
660 684 53
134 109 82
628 602 27
570 599 99
453 496 16
455 482 92
421 403 45
585 583 11
306 342 71
483 462 15
264 293 11
388 397 12
592 556 51
269 258 59
79 78 73
281 278 74
71 79 54
58 100 5
393 365 91
13 6 61
516 531 6
147 150 95
235 218 64
628 633 7
288 270 70
149 104 94
310 336 79
542 548 67
431 426 74
156 162 86
656 663 86
222 223 2
313 341 12
87 85 31
94 97 53
409 425 13
471 494 34
196 191 73
374 384 59
22 3 95
669 678 17
448 430 40
72 54 39
611 645 31
369 388 48
386 399 23
665 653 25
311 308 94
692 697 43
339 337 83
193 176 53
466 482 56
137 136 37
416 443 47
49 15 16
139 116 15
529 522 66
361 376 23
577 561 96
487 451 52
44 41 74
211 231 39
282 254 85
610 639 45
530 526 97
275 282 94
650 611 20
187 154 88
621 623 48
78 70 62
99 92 97
250 249 10
211 230 52
691 697 30
626 616 59
219 214 28
149 109 29
134 135 40
40 31 68
281 273 31
134 128 20
210 212 3
495 482 66
559 590 57
675 658 36
360 398 22
381 353 72
87 82 81
70 91 28
575 588 91
520 550 82
280 261 25
643 618 49
515 506 42
680 663 2
530 505 6
469 467 71
464 494 53
664 686 57
625 617 74
235 239 69
648 650 56
667 669 8
107 126 35
585 551 40
332 341 89
515 541 31
315 342 98
482 475 17
649 630 16
55 96 65
220 246 8
8 11 78
170 152 38
181 198 48
181 160 54
484 473 9
77 99 73
3 30 53
684 655 61
635 646 99
674 660 9
631 630 11
184 199 54
88 72 55
549 534 13
503 527 45
286 283 29
362 309 99
138 124 20
239 224 77
8 10 44
124 114 15
319 323 98
75 100 1
6 46 77
641 624 17
611 605 94
90 98 12
473 462 90
268 251 70
157 158 46
146 118 54
670 682 14
160 191 26
324 338 57
17 38 32
126 150 85
58 79 67
341 326 72
531 545 98
524 530 77
174 193 20
288 295 99
452 454 2
377 366 20
684 687 74
48 23 74
486 459 100
398 351 90
38 43 32
230 218 35
508 516 78
265 279 52
214 226 71
622 690 98
391 387 50
662 655 66
109 125 61
186 170 49
372 351 81
608 615 71
427 413 61
3 46 57
130 129 73
97 57 46
562 582 49
542 540 27
66 53 43
611 618 6
257 271 79
564 563 88
39 1 11
412 402 59
671 669 45
322 332 52
418 424 72
106 137 16
370 379 22
499 500 37
29 45 10
406 407 36
667 684 89
375 398 34
281 293 90
512 550 14
512 526 3
389 399 45
474 485 13
497 482 32
89 54 28
190 197 52
182 165 24
113 138 54
200 163 17
500 489 35
82 114 98
579 574 22
198 162 50
346 316 33
219 209 88
677 651 66
509 542 46
429 404 85
571 591 80
506 517 22
652 676 38
334 310 19
683 693 46
444 428 16
464 479 38
348 336 85
111 123 4
71 94 13
137 150 86
231 238 93
648 626 94
574 568 71
325 327 57
371 355 31
661 689 91
558 591 12
396 364 31
463 494 14
193 195 23
319 304 73
15 30 100
78 100 34
640 612 55
458 475 43
254 278 84
392 391 29
317 303 6
457 453 19
592 573 50
552 588 27
568 565 18
170 190 70
412 447 78
234 241 65
390 378 52
373 355 14
689 692 66
595 640 90
557 554 61
617 648 56
9 10 84
529 511 26
21 33 34
419 438 85
177 187 41
2 16 52
167 199 89
314 349 25
678 697 81
303 331 44
53 83 11
69 87 26
332 326 53
604 630 77
499 485 28
587 577 58
115 145 93
680 662 6
360 383 56
289 286 84
73 69 96
578 574 32
206 244 54
632 643 100
160 167 29
296 259 89
519 544 58
698 699 87
521 524 49
519 531 54
664 653 64
163 179 76
464 470 46
382 353 40
221 236 33
559 551 75
238 213 92
585 595 60
637 607 10
207 221 17
577 578 95
649 633 32
630 640 47
565 558 55
66 91 23
265 273 53
203 198 92
644 552 100
304 331 47
626 645 19
2 33 25
249 242 80
10 50 33
637 640 86
112 104 40
446 414 36
174 158 53
569 556 78
329 334 80
10 44 11
628 554 96
689 655 25
580 557 1
283 277 98
651 690 89
638 619 57
148 134 91
624 626 8
676 674 71
273 287 44
77 79 2
259 260 43
464 497 16
444 447 9
350 335 60
450 429 31
509 541 34
561 562 41
272 287 30
665 676 28
658 697 29
137 115 58
610 675 97
589 588 15
316 337 17
343 346 63
402 440 67
153 179 79
100 94 46
8 27 15
376 380 3
500 481 60
399 380 67
569 596 78
12 30 58
171 186 58
5 26 58
417 448 60
480 457 29
80 59 63
291 255 20
433 442 90
284 297 42
373 376 63
203 206 96
507 548 31
231 204 51
60 79 74
377 357 93
540 526 88
378 368 53
581 570 83
50 17 86
647 618 7
373 391 44
665 662 14
322 314 36
524 515 5
385 442 92
594 559 11
175 154 79
575 566 55
397 383 68
683 687 78
168 175 41
408 445 78
298 283 12
444 431 64
488 471 53
140 123 35
190 196 49
383 376 16
63 68 36
302 318 12
107 136 23
490 469 72
291 278 79
203 244 1
690 677 40
405 429 57
666 653 33
608 619 75
657 688 42
680 684 45
626 601 54
571 598 100
152 158 95
30 22 55
501 541 95
525 515 26
223 246 25
472 499 35
259 292 6
328 309 15
256 272 49
624 634 36
133 134 97
530 518 46
311 320 57
334 305 51
460 456 76
544 527 68
164 162 61
89 72 14
516 501 53
362 394 65
236 242 16
491 476 76
20 48 44
539 503 29
696 688 2
616 639 43
657 661 45
549 537 22
345 292 95
573 581 38
299 253 42
271 283 81
422 425 45
27 49 86
151 154 74
690 700 55
202 235 43
474 479 30
95 82 13
48 46 63
237 203 61
257 285 20
463 488 73
211 250 37
131 140 41
620 643 29
483 525 100
40 34 65
594 563 11
1 44 84
462 487 65
232 228 52
232 214 13
463 458 73
274 290 8
242 237 8
668 695 35
213 202 68
398 381 100
97 90 13
421 406 24
361 384 13
62 51 94
495 451 100
235 244 62
505 538 43
92 96 19
52 84 67
285 282 2
377 395 37
602 615 8
84 65 89
657 682 11
344 323 66
228 246 26
364 357 26
252 291 40
428 423 37
250 219 97
409 435 24
400 372 90
16 48 9
33 12 8
627 615 46
490 485 5
73 54 34
455 480 47
406 411 13
675 683 21
391 338 94
67 74 44
272 294 28
192 140 94
382 397 56
452 494 60
379 380 97
6 44 86
665 694 96
120 141 75
461 489 44
595 579 19
463 479 65
68 72 91
381 388 59
37 20 18
187 185 9
397 358 85
149 138 19
464 496 32
631 647 22
85 78 87
335 347 39
66 76 3
269 293 97
239 248 82
399 354 86
541 502 82
150 107 51
167 162 32
300 299 13
301 325 58
695 682 65
403 424 50
609 612 77
572 586 21
214 235 2
215 237 12
214 239 31
697 663 53
87 94 90
346 340 84
588 560 11
634 603 30
495 486 93
558 580 97
220 245 44
171 200 75
624 644 86
111 106 64
252 292 36
640 632 94
592 565 31
193 170 10
89 81 73
231 237 71
24 9 83
565 566 33
39 24 6
156 163 22
267 272 24
36 18 46
321 327 24
217 216 5
90 55 93
470 492 19
520 527 28
541 536 72
523 516 86
127 102 8
165 151 7
111 101 81
613 627 21
584 581 100
357 380 72
432 411 56
126 146 60
147 103 32
408 405 94
661 668 10
672 667 50
412 428 14
370 364 85
339 305 95
699 679 93
322 341 2
89 87 12
589 572 58
82 56 64
521 537 44
141 110 16
559 574 35
344 327 52
659 687 39
159 157 5
550 514 13
568 600 24
282 278 39
348 307 5
114 105 30
607 608 5
690 671 8
440 435 94
1 28 36
265 254 66
270 262 94
157 167 85
685 667 65
286 269 26
305 341 19
679 678 62
440 444 31
568 569 41
23 35 39
437 438 47
211 246 16
12 6 71
472 468 35
179 166 93
546 511 5
402 403 47
659 667 57
90 135 100
657 672 8
335 305 2
227 245 74
516 541 37
451 493 100
129 111 78
344 343 29
267 271 31
570 562 79
125 126 93
263 296 75
560 579 63
185 155 75
658 681 52
92 78 89
49 18 91
353 391 99
689 687 88
528 502 91
27 3 22
217 230 77
429 436 15
518 516 40
31 10 38
120 123 38
541 510 66
299 266 60
355 379 11
636 610 52
226 212 90
634 604 7
12 42 70
290 254 54
504 511 63
324 315 62
14 1 93
664 667 82
523 509 56
598 568 83
275 300 64
542 538 52
585 570 59
176 184 28
13 7 66
525 516 89
122 150 27
655 679 69
339 317 53
643 628 39
255 281 36
461 486 40
67 66 29
25 49 5
568 563 81
642 638 29
393 352 58
246 221 21
293 298 69
206 202 80
469 470 77
320 322 93
303 333 68
586 594 76
320 336 41
232 243 68
204 236 31
696 669 38
403 413 54
489 459 46
394 391 82
236 230 84
307 301 72
630 614 47
63 59 58
317 325 59
186 188 93
86 72 98
663 657 6
537 511 20
374 381 22
18 27 77
44 11 40
326 328 48
685 688 90
484 480 93
384 367 100
197 193 29
294 261 2
357 358 47
392 372 19
438 433 68
509 513 25
154 152 54
256 269 15
641 646 94
365 371 42
641 616 98
427 429 46
162 182 97
644 647 94
486 474 96
587 576 96
465 496 45
574 554 95
607 627 99
534 515 21
157 242 100
64 84 70
209 201 35
681 700 41
428 435 11
241 209 14
463 462 8
185 179 39
41 27 52
651 693 73
274 273 87
658 676 53
226 250 97
551 581 52
128 114 43
567 590 43
282 253 51
477 452 5
115 136 28
679 676 82
168 179 31
497 475 11
42 11 95
243 203 77
429 406 67
331 314 5
128 102 38
475 455 14
53 84 41
589 553 52
683 695 98
358 355 53
310 307 47
249 235 40
371 385 24
538 529 43
560 551 41
101 105 91
500 475 39
284 291 34
167 177 43
163 188 53
373 362 62
204 207 27
652 663 85
5 34 22
403 414 63
24 25 79
354 368 51
90 74 30
505 520 23
531 533 88
56 51 25
109 119 39
76 84 59
478 467 69
288 236 95
115 121 75
329 327 82
407 411 38
405 360 94
90 73 50
445 434 36
176 179 2
81 88 37
105 109 61
424 408 86
571 562 4
207 227 81
213 209 99
3 36 32
427 436 36
1 11 63
552 558 86
40 8 17
269 266 91
351 389 79
461 495 96
283 257 62
255 274 43
384 393 55
163 176 46
395 374 60
537 536 30
533 537 7
618 629 23
196 157 97
114 121 86
199 166 54
477 495 56
251 295 84
371 351 22
673 682 22
360 381 82
188 157 15
196 166 38
322 311 10
175 160 82
110 144 47
167 178 65
582 590 37
182 199 77
337 314 17
93 99 43
259 261 91
15 33 63
513 507 77
645 629 63
267 264 85
418 453 92
221 219 91
511 524 53
119 126 89
408 440 97
509 534 90
65 108 100
607 638 38
551 590 51
62 75 79
319 339 19
663 666 77
23 45 20
117 132 32
160 172 96
507 527 77
420 415 88
578 599 59
617 630 44
608 625 72
107 111 93
531 538 66
246 245 96
307 308 51
539 542 42
675 679 65
191 192 79
78 91 84
98 53 77
647 622 22
450 417 46
208 220 25
284 266 37
179 181 36
100 65 13
469 454 21
48 21 14
12 41 79
189 180 57
492 408 94
304 311 26
501 526 99
361 359 24
551 587 6
596 556 95
345 328 37
53 61 26
484 469 27
301 332 13
134 102 83
365 381 43
138 150 62
256 286 12
189 165 55
38 16 96
683 696 98
443 437 24
368 362 25
140 134 64
592 575 66
142 111 90
178 190 46
594 565 45
376 370 60
360 358 19
161 196 94
397 361 93
373 369 68
133 131 35
133 126 75
577 588 6
161 199 62
530 527 23
693 667 14
336 328 94
509 522 83
409 420 100
89 64 95
175 159 55
666 656 78
194 199 79
79 59 64
95 72 70
334 332 37
30 34 77
561 553 23
247 222 7
512 542 9
202 231 19
592 555 79
58 72 3
18 16 45
636 622 94
113 128 89
218 233 81
385 380 79
26 32 55
615 647 12
367 360 35
270 294 82
76 64 61
253 322 96
55 94 16
167 191 3
1 18 10
501 535 84
51 63 80
276 293 17
319 349 99
670 666 1
22 5 69
353 365 23
273 261 16
280 339 97
219 213 24
525 538 29
423 432 100
264 276 57
442 445 63
477 498 2
515 519 60
8 12 73
63 76 100
665 669 38
306 318 67
580 582 64
342 303 66
385 353 18
653 659 64
640 616 54
676 696 59
207 246 61
442 448 42
206 201 2
594 556 3
206 217 39
325 340 56
78 52 95
15 11 43
61 84 42
406 450 73
613 605 64
635 649 79
204 223 99
508 520 14
404 444 30
421 416 60
570 564 63
465 474 4
579 597 66
429 414 15
451 476 30
295 263 29
173 176 95
301 335 49
496 463 28
468 473 36
121 129 42
67 85 22
606 644 89
595 568 95
365 369 42
350 337 7
16 24 85
75 58 33
544 542 86
414 401 91
549 519 16
643 625 20
614 616 76
698 663 54
378 367 19
544 549 88
584 589 69
63 77 43
561 568 95
371 366 52
532 516 61
131 144 40
547 522 12
449 418 97
374 357 20
667 679 73
144 119 97
539 510 28
481 492 3
439 449 9
51 64 90
42 7 38
607 610 77
163 153 8
240 219 85
695 608 91
158 192 44
353 389 64
651 681 3
462 480 100
375 396 14
434 404 40
291 253 46
105 108 19
14 41 24
294 257 82
293 273 66
145 123 33
512 521 58
360 392 24
557 561 56
428 437 84
491 466 84
452 457 5
80 71 65
140 132 46
236 226 99
235 209 70
365 375 18
614 620 68
482 460 24
312 311 93
126 105 82
532 526 74
240 241 78
631 623 70
337 334 68
184 185 21
295 287 83
22 48 83
17 43 96
402 422 76
187 165 73
472 486 53
321 303 76
334 336 80
360 359 81
32 39 22
561 566 77
54 68 3
526 543 38
553 593 82
533 514 31
644 604 63
587 600 10
8 2 9
16 23 75
288 285 56
448 443 66
669 695 30
628 616 5
278 271 10
313 328 42
34 9 36
464 453 22
224 240 11
298 279 4
646 605 83
431 443 34
635 632 9
247 208 54
466 451 68
647 633 34
552 574 56
326 334 6
22 42 83
74 61 98
261 283 45
501 512 72
469 466 15
286 288 9
599 567 49
548 508 11
637 623 65
188 199 50
135 105 84
370 388 14
342 348 56
569 559 67
98 57 94
577 586 33
164 180 4
166 151 1
504 513 76
235 229 74
311 338 27
537 519 16
172 193 99
559 572 55
228 206 38
166 168 71
624 617 88
12 47 66
445 444 71
205 222 21
65 53 9
541 523 70
557 552 43
51 67 70
564 595 20
222 217 74
145 108 41
557 569 89
61 62 28
507 542 63
366 363 100
633 631 68
275 258 86
289 291 17
545 510 64
567 573 57
373 395 63
365 396 91
421 422 25
39 7 33
697 686 6
178 181 46
228 243 4
673 693 35
390 382 14
270 268 14
97 73 17
115 110 8
200 197 60
561 555 28
435 430 27
348 317 34
441 433 42
344 316 1
273 257 98
615 613 49
272 300 76
510 550 92
392 354 47
634 638 78
410 434 89
216 218 99
458 455 83
193 157 72
454 483 69
110 114 1
503 517 48
143 136 21
119 142 12
34 43 17
210 232 22
116 117 11
297 272 4
567 569 55
50 19 61
280 263 98
165 164 50
74 75 21
450 449 19
107 120 67
333 323 64
82 80 76
675 664 76
456 455 86
10 32 92
353 379 85
296 277 98
322 333 35
518 501 37
646 621 53
483 487 81
329 348 49
154 200 97
670 674 34
245 239 77
412 434 64
681 665 87
182 168 82
12 49 36
175 161 53
1 24 48
73 68 14
635 627 28
694 670 74
192 199 43
135 127 60
56 86 41
187 153 11
417 434 94
216 238 39
275 284 21
433 426 16
76 79 26
495 485 30
686 687 40
488 489 59
542 536 78
669 654 17
312 301 55
331 329 42
233 222 45
669 679 24
483 467 25
244 228 42
47 21 89
365 355 13
82 64 51
445 410 34
248 229 83
266 265 73
325 343 43
568 580 14
685 700 25
556 576 89
385 381 24
65 85 17
650 613 19
66 92 93
555 582 93
487 484 56
164 181 9
562 600 95
202 210 2
578 561 73
174 180 72
88 86 53
634 611 32
80 51 41
304 333 24
230 232 6
238 249 42
89 97 73
164 185 90
667 673 9
41 11 50
298 260 56
125 129 24
147 143 68
188 159 66
25 19 53
484 459 9
116 104 13
121 120 96
167 161 94
661 685 47
93 68 46
313 322 83
311 336 35
611 602 96
499 458 22
335 319 14
600 551 41
445 439 45
392 387 77
131 106 80
198 180 94
566 584 63
292 280 26
210 217 65
280 294 68
686 658 76
523 506 11
191 176 94
290 272 11
497 484 79
261 296 99
452 500 23
653 663 90
70 66 33
511 506 93
16 36 65
667 686 60
242 241 31
215 225 47
368 370 78
610 626 75
235 231 68
214 238 77
290 297 48
147 114 41
207 231 85
82 76 94
356 355 82
586 558 85
631 622 45
88 89 8
692 685 90
135 124 27
336 331 1
248 225 25
158 189 83
138 131 98
123 105 98
390 356 95
591 600 77
441 449 100
678 652 55
284 276 98
75 95 82
162 183 14
92 62 13
637 633 33
22 44 4
532 502 17
659 682 17
696 658 13
396 356 6
237 207 5
675 681 88
413 410 47
147 122 49
36 10 33
616 644 6
464 492 39
140 145 51
123 131 31
335 329 22
349 302 97
674 693 89
71 95 5
521 526 53
698 677 85
338 330 10
619 603 32
393 399 79
449 448 19
47 51 92
95 55 71
107 106 73
258 278 36
631 646 41
471 473 65
273 288 15
638 645 14
267 252 84
51 75 86
695 680 23
545 550 99
488 479 6
198 168 97
514 502 78
361 360 88
533 518 82
255 259 80
349 335 81
686 651 16
405 441 85
169 170 14
541 548 65
508 534 30
168 154 67
535 547 65
25 1 66
317 347 43
111 115 80
471 489 6
599 561 85
268 289 43
400 389 67
479 454 60
216 247 91
449 438 15
456 483 26
592 587 69
555 576 30
55 84 59
40 45 49
36 11 26
3 63 90
439 447 75
370 361 87
61 97 73
27 1 91
394 317 94
233 223 21
215 205 56
23 17 70
674 656 96
98 65 18
450 403 17
85 62 48
72 75 56
326 337 92
415 425 69
361 356 77
576 552 94
126 123 19
208 240 33
214 246 54
533 528 4
500 473 71
557 566 71
57 84 79
595 562 45
144 171 91
648 635 31
383 398 63
350 304 54
44 17 79
219 204 62
694 691 80
693 656 17
43 39 62
177 197 37
273 260 89
117 110 9
242 211 74
291 267 83
191 153 48
344 309 29
496 497 44
147 110 29
125 146 18
322 305 64
325 306 52
582 560 27
290 258 48
133 143 50
149 144 1
440 450 95
480 481 13
377 353 26
532 548 52
462 496 39
297 268 68
603 640 64
132 147 81
300 271 77
9 16 7
659 700 72
120 102 67
396 367 26
546 519 26
91 52 61
660 673 94
460 498 31
652 671 47
177 169 11
289 269 85
256 266 51
421 442 84
158 178 94
687 668 8
491 455 8
192 188 35
192 159 59
573 555 44
102 142 79
440 436 87
301 308 83
23 2 16
397 366 30
290 300 32
538 512 11
155 152 98
390 367 19
657 676 43
464 461 95
372 395 38
552 545 90
663 675 4
357 379 67
602 622 78
175 178 19
335 315 78
562 572 28
481 497 9
598 585 41
408 407 16
215 198 99
461 483 26
55 97 83
137 104 15
581 586 19
600 561 21
365 363 71
366 379 46
362 364 13
485 487 34
128 115 44
226 245 79
382 357 27
87 86 92
583 557 41
75 83 56
236 218 21
617 615 66
219 217 46
29 43 67
415 411 97
576 572 54
22 20 93
76 52 39
675 699 75
665 660 9
493 471 32
666 664 59
131 132 63
13 27 51
27 12 90
310 314 1
216 207 47
415 421 73
604 625 5
574 564 48
247 244 25
282 279 65
480 482 86
673 672 40
218 224 87
656 695 51
135 107 39
115 126 41
406 369 96
447 440 81
83 96 34
59 78 85
229 220 85
109 117 49
446 425 69
111 124 6
593 576 74
418 404 95
163 177 26
314 324 87
465 492 24
622 605 77
192 164 71
190 169 52
632 641 52
691 680 23
652 655 26
632 609 23
673 664 35
690 674 9
324 302 78
589 579 34
459 481 39
128 132 46
33 4 63
406 430 46
314 315 56
112 115 2
560 566 86
596 568 12
565 575 22
320 309 21
339 323 48
622 616 5
614 644 33
487 420 98
588 572 44
640 645 65
285 221 98
638 611 10
236 220 22
492 546 91
190 154 22
608 613 20
231 208 25
572 593 22
583 571 71
183 156 19
218 249 5
254 252 31
31 42 47
511 521 87
309 310 58
124 105 99
250 227 24
625 650 17
210 221 89
586 567 30
164 151 62
523 532 6
299 285 83
275 285 78
89 99 36
10 5 19
354 390 62
414 413 40
76 80 20
72 98 84
195 192 16
172 196 46
579 582 30
523 543 42
612 610 83
226 204 89
596 578 75
374 382 62
696 671 49
224 234 89
146 103 75
206 242 78
375 352 32
39 17 41
642 618 16
469 460 35
184 179 43
314 341 40
150 139 37
525 505 66
542 521 69
629 621 72
144 146 54
550 548 52
196 151 85
418 430 70
642 636 63
331 338 6
245 249 29
190 172 79
601 634 22
569 525 91
503 513 16
281 299 42
585 578 72
184 127 96
587 555 20
504 521 79
59 86 7
402 441 65
689 695 61
504 544 84
543 517 76
297 258 69
522 531 88
427 431 52
642 620 16
478 461 41
439 446 32
387 356 37
382 379 17
679 654 9
603 624 74
235 222 58
166 183 79
253 286 95
553 574 34
217 247 23
445 429 95
684 659 41
206 221 61
87 74 4
443 422 28
462 468 28
580 595 1
614 633 79
446 422 73
651 671 8
265 277 89
81 53 34
646 628 55
401 407 80
63 89 7
603 620 36
284 283 22
162 172 34
9 39 82
405 427 23
668 667 78
81 95 54
81 60 55
445 424 99
699 664 79
158 171 25
608 646 55
480 473 94
520 533 71
581 587 97
466 490 94
655 654 92
619 643 22
336 342 69
114 109 85
412 439 59
119 133 40
211 227 38
1 17 41
363 386 79
191 198 49
99 79 14
237 202 28
550 556 91
208 201 53
497 474 77
236 243 29
176 190 18
24 20 8
66 83 88
546 517 61
330 306 76
357 375 98
21 42 44
37 13 100
312 340 5
81 91 42
659 654 21
545 526 92
508 549 70
371 383 100
412 433 78
127 121 51
255 296 93
352 353 54
310 311 97
483 476 31
527 522 6
370 400 68
497 479 26
605 606 78
465 490 29
451 497 48
681 682 66
264 290 13
44 12 83
684 698 56
157 168 75
395 380 85
646 623 89
566 577 98
101 110 28
84 26 94
406 423 54
372 369 95
295 267 72
228 250 83
555 564 12
626 621 46
351 373 61
535 528 48
84 91 66
314 317 9
528 523 93
122 141 32
389 379 27
469 458 37
685 693 35
178 157 22
287 275 22
216 237 86
591 596 69
563 590 3
47 16 19
389 356 83
514 540 85
683 664 6
194 151 71
71 72 79
345 304 16
143 125 24
622 620 78
374 392 13
374 362 16
77 92 31
653 673 85
241 217 66
110 112 71
562 586 14
