700
700
5 54 50
91 96 50
644 643 50
267 222 50
253 427 50
488 447 50
22 295 50
598 581 50
294 435 50
341 358 50
278 352 50
213 274 50
487 94 50
42 414 50
514 661 50
211 12 50
288 193 50
449 228 50
202 13 50
400 165 50
434 280 50
217 391 50
628 581 50
135 438 50
351 259 50
134 475 50
394 300 50
126 101 50
412 156 50
649 540 50
580 573 50
62 245 50
482 299 50
286 10 50
659 390 50
158 322 50
123 69 50
66 162 50
370 362 50
619 686 50
568 667 50
22 462 50
75 484 50
525 586 50
658 663 50
513 541 50
71 281 50
106 331 50
132 148 50
410 461 50
44 457 50
698 519 50
660 681 50
608 566 50
503 505 50
105 373 50
364 363 50
693 625 50
546 620 50
80 21 50
378 44 50
535 628 50
486 174 50
372 366 50
593 652 50
321 18 50
383 268 50
190 351 50
629 552 50
655 584 50
328 379 50
461 343 50
309 176 50
224 11 50
133 316 50
374 283 50
343 164 50
281 410 50
59 21 50
16 218 50
151 97 50
35 61 50
460 78 50
696 690 50
422 90 50
482 61 50
353 419 50
694 685 50
99 252 50
606 560 50
699 563 50
521 597 50
602 595 50
125 315 50
227 431 50
389 392 50
533 680 50
130 146 50
518 496 50
299 250 50
205 108 50
3 277 50
336 359 50
626 578 50
82 248 50
668 664 50
59 43 50
481 65 50
646 686 50
598 515 50
118 390 50
441 225 50
98 148 50
77 66 50
236 321 50
168 328 50
152 170 50
189 447 50
238 86 50
404 240 50
108 289 50
169 231 50
293 484 50
546 499 50
142 442 50
188 342 50
671 657 50
471 105 50
63 397 50
671 535 50
113 144 50
676 519 50
56 9 50
453 204 50
386 98 50
349 88 50
429 157 50
135 431 50
207 269 50
215 214 50
116 217 50
418 51 50
10 157 50
335 303 50
267 142 50
367 206 50
473 181 50
696 589 50
384 197 50
345 358 50
81 175 50
47 424 50
456 388 50
393 292 50
168 13 50
502 621 50
579 509 50
137 25 50
636 526 50
649 558 50
276 47 50
114 327 50
384 241 50
110 223 50
567 670 50
556 540 50
103 9 50
514 606 50
161 93 50
527 666 50
324 37 50
29 272 50
38 201 50
225 459 50
115 41 50
451 394 50
151 159 50
599 586 50
460 249 50
680 489 50
199 6 50
543 553 50
246 433 50
687 632 50
233 261 50
191 503 50
280 363 50
638 498 50
48 341 50
257 7 50
694 523 50
136 79 50
72 84 50
419 70 50
122 408 50
541 524 50
561 590 50
449 415 50
313 204 50
510 529 50
71 368 50
259 434 50
53 16 50
452 87 50
14 311 50
154 296 50
270 46 50
81 453 50
381 265 50
575 689 50
190 173 50
477 109 50
93 166 50
491 494 50
243 242 50
653 692 50
332 115 50
131 399 50
128 62 50
610 524 50
95 35 50
370 258 50
469 194 50
697 531 50
329 87 50
126 485 50
452 320 50
527 573 50
120 426 50
133 171 50
147 247 50
467 90 50
403 469 50
544 678 50
125 428 50
318 102 50
52 361 50
412 124 50
293 150 50
104 171 50
223 247 50
8 337 50
117 2 50
268 246 50
316 254 50
507 682 50
476 53 50
314 134 50
34 274 50
31 456 50
336 339 50
459 200 50
651 548 50
55 407 50
512 504 50
252 86 50
255 136 50
687 655 50
50 388 50
570 673 50
69 232 50
258 195 50
565 557 50
338 547 50
307 121 50
439 377 50
219 96 50
463 376 50
554 615 50
300 238 50
306 354 50
222 265 50
465 287 50
187 382 50
104 219 50
430 458 50
19 322 50
625 673 50
569 620 50
659 529 50
674 550 50
17 162 50
472 249 50
585 497 50
386 531 50
112 180 50
167 103 50
508 549 50
548 547 50
263 325 50
429 84 50
208 454 50
327 414 50
528 520 50
38 376 50
28 337 50
583 688 50
369 198 50
520 495 50
667 564 50
584 570 50
285 14 50
123 323 50
426 160 50
287 42 50
417 483 50
550 602 50
411 354 50
318 164 50
221 117 50
578 501 50
298 486 50
392 347 50
603 624 50
91 487 50
556 563 50
224 167 50
565 559 50
374 236 50
49 470 50
196 378 50
269 479 50
74 170 50
199 244 50
409 279 50
545 587 50
295 23 50
234 43 50
385 420 50
681 492 50
560 528 50
215 432 50
309 371 50
304 444 50
356 177 50
39 302 50
537 497 50
402 344 50
504 650 50
15 187 50
124 45 50
406 319 50
257 50 50
601 618 50
662 692 50
63 110 50
457 48 50
684 642 50
55 471 50
450 348 50
6 216 50
24 398 50
209 228 50
234 11 50
297 176 50
40 443 50
15 303 50
551 634 50
248 203 50
585 652 50
699 613 50
495 508 50
411 442 50
500 651 50
198 205 50
393 437 50
368 288 50
179 387 50
109 405 50
352 230 50
509 662 50
599 621 50
270 342 50
506 607 50
39 317 50
448 313 50
666 513 50
404 131 50
310 2 50
40 175 50
36 184 50
251 405 50
301 193 50
644 571 50
658 512 50
395 189 50
538 571 50
294 340 50
277 116 50
186 255 50
403 479 50
544 682 50
226 51 50
80 407 50
154 301 50
239 60 50
549 511 50
480 143 50
522 633 50
538 691 50
68 237 50
174 282 50
577 668 50
20 375 50
554 534 50
298 245 50
185 161 50
648 595 50
377 119 50
490 582 50
593 631 50
627 569 50
601 641 50
344 97 50
534 609 50
536 665 50
191 465 50
600 698 50
243 391 50
369 33 50
568 572 50
284 427 50
218 356 50
438 468 50
183 435 50
622 575 50
441 463 50
264 94 50
558 579 50
7 241 50
641 522 50
643 542 50
607 511 50
227 229 50
480 232 50
78 196 50
201 398 50
483 244 50
152 209 50
211 467 50
30 422 50
676 499 50
275 213 50
27 477 50
576 514 50
669 633 50
360 129 50
653 660 50
52 266 50
611 498 50
46 292 50
139 26 50
608 501 50
635 532 50
604 657 50
31 195 50
237 183 50
401 333 50
615 632 50
355 100 50
359 5 50
140 207 50
423 445 50
20 326 50
197 454 50
172 173 50
596 627 50
163 462 50
624 617 50
319 305 50
271 440 50
264 240 50
485 165 50
445 30 50
415 261 50
235 147 50
470 180 50
314 290 50
37 226 50
583 661 50
272 129 50
421 92 50
397 68 50
646 592 50
670 614 50
533 574 50
74 141 50
188 308 50
139 310 50
345 76 50
102 421 50
239 256 50
523 545 50
27 121 50
466 413 50
333 64 50
401 455 50
144 100 50
138 488 50
408 153 50
433 34 50
26 119 50
647 663 50
562 645 50
169 446 50
122 291 50
664 695 50
636 591 50
357 413 50
665 510 50
648 634 50
695 675 50
446 380 50
619 638 50
561 576 50
591 610 50
230 75 50
137 72 50
260 315 50
326 335 50
311 114 50
685 566 50
36 346 50
65 276 50
130 82 50
49 242 50
674 645 50
455 383 50
481 418 50
596 555 50
697 489 50
127 128 50
580 691 50
212 444 50
613 507 50
106 423 50
677 592 50
149 305 50
451 85 50
396 107 50
18 85 50
163 28 50
302 212 50
140 373 50
582 639 50
517 553 50
572 594 50
630 609 50
339 99 50
4 424 50
640 603 50
101 192 50
559 683 50
181 367 50
4 150 50
466 330 50
639 600 50
605 629 50
1 379 50
166 306 50
604 516 50
346 291 50
24 382 50
612 623 50
60 325 50
656 637 50
275 437 50
58 111 50
567 537 50
361 473 50
118 365 50
450 149 50
206 260 50
428 436 50
690 543 50
385 210 50
500 542 50
324 177 50
76 158 50
19 334 50
308 73 50
113 375 50
656 679 50
79 132 50
334 349 50
77 399 50
552 611 50
155 203 50
389 360 50
496 630 50
506 516 50
458 253 50
493 647 50
355 3 50
120 320 50
417 256 50
562 616 50
472 296 50
505 683 50
614 700 50
587 518 50
350 89 50
285 182 50
323 357 50
530 618 50
64 348 50
194 380 50
654 515 50
186 143 50
88 182 50
145 331 50
493 521 50
155 184 50
286 432 50
409 250 50
138 366 50
491 532 50
185 312 50
395 340 50
635 526 50
17 202 50
284 282 50
588 577 50
220 32 50
192 468 50
464 262 50
54 364 50
332 416 50
539 689 50
278 304 50
262 297 50
387 210 50
440 58 50
45 23 50
146 474 50
273 362 50
688 564 50
626 558 50
233 443 50
669 675 50
229 312 50
317 330 50
402 400 50
475 347 50
145 474 50
107 220 50
83 29 50
654 597 50
263 416 50
678 494 50
700 551 50
365 32 50
33 153 50
517 502 50
436 371 50
127 214 50
490 605 50
612 616 50
156 329 50
672 539 50
637 588 50
83 381 50
89 254 50
478 372 50
8 283 50
425 112 50
266 200 50
208 476 50
178 160 50
67 1 50
693 640 50
67 273 50
57 430 50
290 279 50
159 231 50
574 617 50
396 41 50
70 57 50
271 141 50
642 677 50
251 425 50
289 111 50
492 525 50
178 439 50
631 622 50
307 338 50
25 464 50
557 650 50
216 172 50
623 536 50
672 590 50
448 350 50
56 221 50
353 95 50
420 92 50
589 679 50
73 12 50
406 478 50
179 235 50
555 594 50
