700
700
452 451 50
355 292 50
234 222 50
334 277 50
487 700 50
154 127 50
370 2 50
283 324 50
363 328 50
423 98 50
221 317 50
444 43 50
406 361 50
597 566 50
546 632 50
638 623 50
4 399 50
296 469 50
463 443 50
338 208 50
37 151 50
130 367 50
204 77 50
16 117 50
50 223 50
155 350 50
555 492 50
509 699 50
106 269 50
278 417 50
658 683 50
351 168 50
476 205 50
546 586 50
13 405 50
198 108 50
645 584 50
604 627 50
250 82 50
142 480 50
421 339 50
90 200 50
85 341 50
68 472 50
589 631 50
255 474 50
383 167 50
209 357 50
445 411 50
259 184 50
203 120 50
316 256 50
303 419 50
368 442 50
153 157 50
220 134 50
459 93 50
258 115 50
396 449 50
179 91 50
491 608 50
273 466 50
55 323 50
329 295 50
594 602 50
584 592 50
50 473 50
375 448 50
207 192 50
236 351 50
300 76 50
374 322 50
190 422 50
522 608 50
541 506 50
386 311 50
536 643 50
383 359 50
494 691 50
462 396 50
18 320 50
166 111 50
610 70 50
57 437 50
147 263 50
343 307 50
92 212 50
650 672 50
525 658 50
239 25 50
242 96 50
45 267 50
614 602 50
218 486 50
514 688 50
554 660 50
65 109 50
539 529 50
624 634 50
603 503 50
313 81 50
102 296 50
32 477 50
668 674 50
270 63 50
191 298 50
381 280 50
332 289 50
55 31 50
182 411 50
410 274 50
519 512 50
540 600 50
89 262 50
433 468 50
111 67 50
418 224 50
249 11 50
652 634 50
179 253 50
700 629 50
30 29 50
556 622 50
20 110 50
516 515 50
233 149 50
157 72 50
478 287 50
9 302 50
536 505 50
322 187 50
596 650 50
137 465 50
644 568 50
42 97 50
298 63 50
385 364 50
64 117 50
202 232 50
408 475 50
518 508 50
96 198 50
270 18 50
451 243 50
668 613 50
382 456 50
332 355 50
641 549 50
272 77 50
107 353 50
201 33 50
36 17 50
401 148 50
597 490 50
276 43 50
381 482 50
554 493 50
241 56 50
246 352 50
274 243 50
571 569 50
480 291 50
27 99 50
607 563 50
415 140 50
83 261 50
175 47 50
227 141 50
16 479 50
180 426 50
486 145 50
560 570 50
242 46 50
321 337 50
353 378 50
619 598 50
1 121 50
559 532 50
297 94 50
367 37 50
538 635 50
24 400 50
88 429 50
666 673 50
416 392 50
47 450 50
582 592 50
109 217 50
610 648 50
141 603 50
138 464 50
101 406 50
505 519 50
620 694 50
159 143 50
447 14 50
217 327 50
295 310 50
611 681 50
138 376 50
458 264 50
525 637 50
698 545 50
652 599 50
105 275 50
438 49 50
238 199 50
358 172 50
366 244 50
407 245 50
177 481 50
649 502 50
551 520 50
173 424 50
348 196 50
176 113 50
561 676 50
621 537 50
646 688 50
542 687 50
387 256 50
539 697 50
5 158 50
257 193 50
636 625 50
356 288 50
258 345 50
430 265 50
635 639 50
132 407 50
466 190 50
528 607 50
150 303 50
516 670 50
188 249 50
123 165 50
503 660 50
234 199 50
399 74 50
209 306 50
156 271 50
248 202 50
144 105 50
54 116 50
289 229 50
182 268 50
629 510 50
694 677 50
498 647 50
402 193 50
79 314 50
100 126 50
611 534 50
19 253 50
682 504 50
155 35 50
569 509 50
262 39 50
616 563 50
3 499 50
294 104 50
196 297 50
156 210 50
463 73 50
521 572 50
331 453 50
120 320 50
132 125 50
326 97 50
29 267 50
655 686 50
520 553 50
285 66 50
485 372 50
518 521 50
150 328 50
7 25 50
176 128 50
646 662 50
681 568 50
465 283 50
432 365 50
149 42 50
300 325 50
598 587 50
643 496 50
645 661 50
642 626 50
483 159 50
44 152 50
126 250 50
56 164 50
633 541 50
79 61 50
429 438 50
67 191 50
591 500 50
578 571 50
225 65 50
430 479 50
614 599 50
359 458 50
526 549 50
485 235 50
414 129 50
578 582 50
447 21 50
265 391 50
58 380 50
585 663 50
307 413 50
501 576 50
363 444 50
208 282 50
348 325 50
511 653 50
263 281 50
313 373 50
405 93 50
277 114 50
137 471 50
382 475 50
628 639 50
293 51 50
526 657 50
439 437 50
439 95 50
409 346 50
315 477 50
360 365 50
23 46 50
127 145 50
675 557 50
30 271 50
443 154 50
492 615 50
73 26 50
34 81 50
667 535 50
232 167 50
116 194 50
94 229 50
98 418 50
455 272 50
562 692 50
140 334 50
161 392 50
691 506 50
528 667 50
423 318 50
441 48 50
522 636 50
131 314 50
108 52 50
369 131 50
413 379 50
390 13 50
197 247 50
8 174 50
102 397 50
401 119 50
696 530 50
697 593 50
393 304 50
497 579 50
364 329 50
192 394 50
590 671 50
512 617 50
690 642 50
168 400 50
170 251 50
33 246 50
422 398 50
394 476 50
17 336 50
369 431 50
301 173 50
312 35 50
178 119 50
70 305 50
517 595 50
123 172 50
513 567 50
580 656 50
427 372 50
428 240 50
82 278 50
357 226 50
330 34 50
579 659 50
360 204 50
309 103 50
171 403 50
384 420 50
254 316 50
257 95 50
315 118 50
231 416 50
472 336 50
345 133 50
78 59 50
188 244 50
280 211 50
181 113 50
319 281 50
397 264 50
495 632 50
540 630 50
573 538 50
675 595 50
665 528 50
653 686 50
507 679 50
238 90 50
318 11 50
612 665 50
390 133 50
51 460 50
494 583 50
533 496 50
205 420 50
617 651 50
637 640 50
613 609 50
220 110 50
371 252 50
671 586 50
470 218 50
626 594 50
384 31 50
415 237 50
169 28 50
175 15 50
100 178 50
426 483 50
146 417 50
569 609 50
69 122 50
442 124 50
388 62 50
292 457 50
575 553 50
213 304 50
527 572 50
225 130 50
404 152 50
210 226 50
471 269 50
293 409 50
71 228 50
85 169 50
340 124 50
587 593 50
544 489 50
455 64 50
410 214 50
497 517 50
500 531 50
454 286 50
310 467 50
287 80 50
398 474 50
288 408 50
203 240 50
44 446 50
641 612 50
247 41 50
481 118 50
670 680 50
151 285 50
524 662 50
379 456 50
57 306 50
577 543 50
219 1 50
600 581 50
52 462 50
616 620 50
122 161 50
84 160 50
312 421 50
651 502 50
441 184 50
211 311 50
101 83 50
45 276 50
524 560 50
144 212 50
619 689 50
561 566 50
237 393 50
623 543 50
261 425 50
378 335 50
344 128 50
163 20 50
248 162 50
591 532 50
581 555 50
15 290 50
453 434 50
335 206 50
424 75 50
537 585 50
695 548 50
362 254 50
468 404 50
545 693 50
299 103 50
266 279 50
189 215 50
200 146 50
491 654 50
654 624 50
638 692 50
185 180 50
588 513 50
214 425 50
32 223 50
48 460 50
186 22 50
227 373 50
319 338 50
294 86 50
551 657 50
664 605 50
685 669 50
550 535 50
687 548 50
53 273 50
680 656 50
385 340 50
24 61 50
290 125 50
75 302 50
606 683 50
601 558 50
326 354 50
139 12 50
3 377 50
427 339 50
562 640 50
457 245 50
454 19 50
391 114 50
570 604 50
60 39 50
529 685 50
129 350 50
356 236 50
677 664 50
387 435 50
6 403 50
71 435 50
115 484 50
445 221 50
349 21 50
92 216 50
615 552 50
696 684 50
216 147 50
91 478 50
309 412 50
693 689 50
440 321 50
260 233 50
464 121 50
358 23 50
531 498 50
197 342 50
99 36 50
574 575 50
589 663 50
219 4 50
684 511 50
682 630 50
559 621 50
557 605 50
469 106 50
674 698 50
80 346 50
53 72 50
564 499 50
395 7 50
104 347 50
165 8 50
679 669 50
342 255 50
142 153 50
655 564 50
484 377 50
89 266 50
333 349 50
552 649 50
631 507 50
590 530 50
618 542 50
523 627 50
222 54 50
136 388 50
195 452 50
386 419 50
596 493 50
341 286 50
565 527 50
510 647 50
224 171 50
461 308 50
344 389 50
279 337 50
135 87 50
201 28 50
375 166 50
6 343 50
308 139 50
235 66 50
428 160 50
449 14 50
448 158 50
678 523 50
9 333 50
577 558 50
601 666 50
78 164 50
181 174 50
324 12 50
547 515 50
317 76 50
207 134 50
177 412 50
347 330 50
659 534 50
547 695 50
213 436 50
59 189 50
567 678 50
69 215 50
49 183 50
690 574 50
676 573 50
62 414 50
487 58 50
40 231 50
291 87 50
143 228 50
576 556 50
148 84 50
588 490 50
26 136 50
580 504 50
446 282 50
252 389 50
459 135 50
2 112 50
194 482 50
380 432 50
628 544 50
74 259 50
433 395 50
618 699 50
195 10 50
661 606 50
625 672 50
488 40 50
251 431 50
376 60 50
230 38 50
434 327 50
440 183 50
361 488 50
10 185 50
473 402 50
112 371 50
436 241 50
206 41 50
323 299 50
583 550 50
86 370 50
366 354 50
163 362 50
495 644 50
230 5 50
107 284 50
268 284 50
622 648 50
275 260 50
489 633 50
467 187 50
170 305 50
88 374 50
461 186 50
673 565 50
27 450 50
162 239 50
331 368 50
68 38 50
352 22 50
508 501 50
301 470 50
