700
699
392 391 75
243 242 33
485 486 64
473 472 86
572 573 2
125 124 85
51 52 43
431 430 59
336 335 83
199 198 95
141 142 25
415 414 87
150 151 95
463 462 52
155 154 59
364 363 84
365 366 2
248 249 84
521 522 76
6 5 72
448 447 27
531 530 39
168 167 42
54 53 79
149 148 49
557 556 83
596 597 50
631 632 12
598 599 15
370 371 99
235 236 13
62 63 86
303 304 61
479 478 48
525 526 22
116 115 38
412 411 38
122 123 48
683 684 54
484 485 9
450 451 33
360 359 18
278 277 85
105 104 19
180 181 82
137 136 82
426 425 25
601 602 27
609 610 93
342 343 16
52 53 22
412 413 16
275 276 3
671 670 19
113 112 1
477 476 75
275 274 23
234 233 10
686 687 25
443 442 64
465 464 91
74 75 33
155 156 11
351 350 96
46 45 55
300 301 40
605 606 81
303 302 4
423 422 6
195 196 29
454 453 42
314 313 59
668 669 38
374 375 30
571 570 39
542 543 61
367 366 7
357 356 46
324 323 20
510 511 65
165 166 37
565 566 42
231 232 84
214 215 9
255 254 20
274 273 65
604 605 52
299 300 38
410 411 54
219 218 91
261 260 27
293 292 18
679 680 29
670 669 18
151 152 54
308 307 84
39 40 6
72 71 98
228 227 59
682 681 22
396 395 49
234 235 17
14 13 82
470 471 1
664 665 28
659 658 94
115 114 74
555 556 75
474 473 31
214 213 50
424 425 28
75 76 26
197 196 20
403 402 18
70 71 72
144 145 47
544 545 95
143 142 78
675 676 15
30 31 6
519 520 10
581 580 10
173 174 49
293 294 43
120 121 41
674 675 55
60 61 38
421 420 46
330 329 44
351 352 13
502 501 30
672 673 96
233 232 73
688 689 23
580 579 18
44 45 16
81 80 90
530 529 51
105 106 23
207 206 38
540 541 84
611 610 87
375 376 13
639 640 57
495 496 15
456 455 72
603 602 41
163 162 59
511 512 33
333 334 62
472 471 62
475 474 64
503 502 50
43 42 72
331 330 83
104 103 90
121 122 54
82 83 67
439 438 10
365 364 11
649 648 63
529 528 97
325 324 78
51 50 51
37 36 21
259 258 6
96 95 14
183 182 40
312 313 51
294 295 23
276 277 7
183 184 32
403 404 56
434 433 34
320 321 15
169 170 99
309 308 25
647 648 74
70 69 84
492 493 43
18 17 14
12 11 30
625 626 7
208 209 86
239 238 10
489 490 59
496 497 95
537 538 67
286 285 18
153 152 26
429 428 5
392 393 90
107 106 40
144 143 57
114 113 4
413 414 9
40 41 45
354 353 12
150 149 35
575 574 72
301 302 53
125 126 86
282 283 8
103 102 14
8 7 52
634 635 61
428 427 78
527 526 21
268 267 52
291 290 69
497 498 56
221 220 82
296 295 3
182 181 91
263 262 66
265 266 16
328 329 5
135 136 78
575 576 31
692 693 7
244 245 71
574 573 15
289 290 44
699 700 50
468 467 93
607 608 98
552 551 54
634 633 36
363 362 67
282 281 46
601 600 69
628 627 25
262 261 14
135 134 75
499 500 73
507 506 70
546 547 68
352 353 16
227 226 4
180 179 77
498 499 65
418 417 58
210 211 4
93 94 10
287 288 63
562 561 67
230 229 74
72 73 25
487 488 36
326 327 17
224 223 12
68 69 3
609 608 72
173 172 88
311 310 88
92 93 76
570 569 80
255 256 64
646 645 27
441 440 22
204 205 11
521 520 79
97 96 92
405 406 4
663 664 52
190 189 25
595 594 99
650 649 30
697 698 51
85 84 64
591 590 9
266 267 14
29 28 24
154 153 76
169 168 15
16 15 64
98 97 74
203 204 39
264 263 23
519 518 60
584 585 7
118 117 91
44 43 30
616 617 65
522 523 93
444 443 90
48 47 61
248 247 90
369 370 78
381 380 16
317 318 36
284 283 80
335 334 66
470 469 53
148 147 58
201 202 71
215 216 46
73 74 94
382 383 72
691 690 17
394 393 42
287 286 76
344 345 93
200 199 46
694 693 82
90 89 89
102 101 92
636 637 65
193 192 75
322 323 72
450 449 24
538 539 11
26 27 23
131 132 68
354 355 62
417 416 45
606 607 90
317 316 34
160 159 93
18 19 28
163 164 92
387 386 15
468 469 76
124 123 27
257 256 45
242 241 77
678 679 83
23 22 91
643 644 8
652 651 34
401 402 95
279 278 15
109 108 4
654 653 26
626 627 81
622 621 78
356 355 6
4 3 41
623 622 75
616 615 17
57 56 73
625 624 99
677 678 16
127 126 86
246 247 47
62 61 2
666 667 56
651 650 80
383 384 94
280 279 57
672 671 26
65 66 86
273 272 3
494 495 50
190 191 40
322 321 90
226 225 13
372 371 1
3 2 22
629 628 83
178 179 11
340 341 8
546 545 24
674 673 3
1 2 84
156 157 85
187 186 69
34 35 8
591 592 63
494 493 19
259 260 58
423 424 14
128 129 85
458 457 75
349 348 38
462 461 20
185 186 56
390 391 35
572 571 14
25 24 84
516 515 76
188 187 56
138 137 56
683 682 53
345 346 92
541 542 82
611 612 2
23 24 21
332 331 89
90 91 25
566 567 20
585 586 16
131 130 16
64 63 47
688 687 11
558 557 20
245 246 24
326 325 34
27 28 51
387 388 54
225 224 97
240 241 41
516 517 67
358 357 31
691 692 18
20 21 82
254 253 4
177 176 98
185 184 65
509 508 41
475 476 6
656 655 71
9 8 40
145 146 77
208 207 71
578 579 92
677 676 68
160 161 81
398 399 81
543 544 60
576 577 35
698 699 88
536 537 79
269 268 13
505 504 2
257 258 17
378 377 16
338 339 42
517 518 6
58 57 49
382 381 58
348 347 8
532 531 41
548 547 57
552 553 35
328 327 49
623 624 75
78 79 74
305 306 16
560 561 20
110 109 57
654 655 43
584 583 5
58 59 50
555 554 34
435 434 19
447 446 72
194 195 90
667 668 15
32 33 28
638 639 14
6 7 77
67 66 100
491 492 62
86 87 82
222 221 99
422 421 60
285 284 77
662 661 36
81 82 44
89 88 86
524 525 19
620 619 89
191 192 89
38 37 35
617 618 44
158 157 28
177 178 44
594 593 21
458 459 79
386 385 80
337 336 51
436 435 6
237 238 10
459 460 92
119 120 16
548 549 22
448 449 59
359 358 80
587 588 15
332 333 52
527 528 88
197 198 24
116 117 30
243 244 72
399 400 29
490 491 91
409 408 40
395 394 29
22 21 95
615 614 45
645 644 1
658 657 12
389 388 69
398 397 31
379 378 9
482 481 100
513 514 53
292 291 92
309 310 17
379 380 71
507 508 70
565 564 21
299 298 20
374 373 4
534 535 14
506 505 57
659 660 88
431 432 41
563 564 67
652 653 99
5 4 69
25 26 20
578 577 29
230 231 76
551 550 42
372 373 57
445 444 72
50 49 43
319 318 14
193 194 24
251 250 44
597 598 60
129 130 61
133 134 87
686 685 77
583 582 13
94 95 33
101 100 17
76 77 75
139 138 45
660 661 85
503 504 15
172 171 3
212 211 62
98 99 80
64 65 30
128 127 64
467 466 71
217 218 8
549 550 25
408 407 30
311 312 26
621 620 17
509 510 58
513 512 31
663 662 69
582 581 20
568 567 86
68 67 67
630 631 70
209 210 29
77 78 86
202 203 95
175 174 60
592 593 98
419 420 28
665 666 48
415 416 63
638 637 52
452 453 88
34 33 57
217 216 9
477 478 62
111 110 10
369 368 55
646 647 37
569 568 91
306 307 97
271 270 21
466 465 44
427 426 67
49 48 86
269 270 54
430 429 68
563 562 22
164 165 61
362 361 13
236 237 31
251 252 83
84 83 62
440 439 4
36 35 46
87 88 67
162 161 54
11 10 35
30 29 37
559 558 2
500 501 48
297 298 93
560 559 52
347 346 2
589 588 51
641 640 99
305 304 50
390 389 12
337 338 14
79 80 22
604 603 74
344 343 8
524 523 59
47 46 98
159 158 78
438 437 52
404 405 98
107 108 37
139 140 66
111 112 100
20 19 60
55 56 50
409 410 35
514 515 34
437 436 16
39 38 67
461 460 19
612 613 60
314 315 60
554 553 80
633 632 2
599 600 26
635 636 64
201 200 53
350 349 69
55 54 81
376 377 80
689 690 6
695 696 86
479 480 96
451 452 28
587 586 71
418 419 26
489 488 10
536 535 51
532 533 63
697 696 59
271 272 15
360 361 96
595 596 39
433 432 66
613 614 26
289 288 82
99 100 51
407 406 75
171 170 10
400 401 13
92 91 9
176 175 32
396 397 33
642 641 42
133 132 75
540 539 14
455 454 75
643 642 93
219 220 4
280 281 62
60 59 73
319 320 96
457 456 64
14 15 40
629 630 59
31 32 74
481 480 96
119 118 2
486 487 48
9 10 26
240 239 17
657 656 92
442 441 99
681 680 10
463 464 80
339 340 26
445 446 20
694 695 17
296 297 57
482 483 66
85 86 11
141 140 54
368 367 40
188 189 70
206 205 66
342 341 77
223 222 76
212 213 98
17 16 69
315 316 95
619 618 22
533 534 56
385 384 84
265 264 46
484 483 2
41 42 35
589 590 14
253 252 96
166 167 58
13 12 6
147 146 81
685 684 97
249 250 48
228 229 18
