25
75
20 3 82
22 12 42
18 7 17
19 14 9
5 6 88
25 21 39
5 22 85
3 21 43
6 18 76
18 3 71
12 8 73
15 4 81
12 5 79
17 4 88
9 4 63
24 10 87
25 6 3
14 15 14
25 14 22
9 18 27
4 6 28
2 16 98
24 7 3
12 6 39
18 8 71
22 16 75
13 9 63
19 23 99
23 7 74
25 12 47
9 23 58
16 5 11
19 25 37
2 10 64
24 3 9
14 23 8
6 21 94
11 20 13
3 8 13
3 7 71
1 25 81
11 1 52
20 13 60
25 7 24
7 9 59
2 3 9
25 3 96
8 10 70
7 1 87
12 24 31
17 14 29
11 23 69
21 22 37
13 6 41
14 6 87
23 15 84
24 19 95
18 10 45
22 3 25
19 20 92
13 11 45
7 16 18
21 12 40
1 5 34
20 4 7
12 23 84
14 11 95
16 11 17
17 23 24
9 6 89
1 22 90
17 6 45
18 5 45
2 20 40
12 17 64
