25
75
6 8 49
16 14 49
4 6 49
11 7 99
9 10 24
3 6 74
7 6 24
8 9 24
11 15 99
3 4 24
18 19 24
14 13 24
13 11 49
21 18 74
12 10 49
11 14 74
18 20 49
25 21 99
17 15 49
23 22 24
3 1 49
12 13 24
24 21 74
5 4 24
13 15 49
12 15 74
15 14 24
19 22 74
10 8 49
18 16 49
5 8 74
7 8 24
22 21 24
18 15 74
11 10 24
14 17 74
16 13 74
16 15 24
10 14 99
2 6 99
22 25 74
20 17 74
3 2 24
4 7 74
3 5 49
4 1 74
9 7 49
22 24 49
12 11 24
16 17 24
19 20 24
10 13 74
23 21 49
16 19 74
6 9 74
12 14 49
2 5 74
2 1 24
11 9 49
17 19 49
4 2 49
25 23 49
19 21 49
7 5 49
23 24 24
7 10 74
17 18 24
12 9 74
24 25 24
20 21 24
22 20 49
8 11 74
23 20 74
6 10 99
6 5 24
