25
61
7 22 34
7 21 84
7 8 90
4 9 58
4 16 72
14 18 100
15 16 42
15 18 46
3 19 69
3 11 70
3 18 50
10 17 21
21 23 19
11 18 51
6 9 66
6 13 9
6 18 16
17 18 25
12 13 46
12 15 96
12 18 79
5 24 16
5 18 52
5 13 35
24 25 40
19 24 7
19 20 88
1 12 50
1 23 33
1 8 16
1 25 17
1 18 40
1 17 50
2 9 40
2 18 58
2 13 34
2 11 11
2 4 21
2 5 30
16 18 21
16 25 18
13 18 35
13 16 99
9 18 20
9 19 6
9 22 17
9 10 24
8 24 12
8 10 93
8 20 50
8 25 100
8 13 16
8 9 86
8 18 71
8 14 92
18 19 70
18 21 66
18 23 59
18 25 22
18 24 56
18 20 21
